2 0.33803125 0.7880833333333332 0.18803125 0.416875
2 0.605015625 0.7342916666666667 0.14153125 0.3854166666666667
2 0.66540625 0.3156041666666667 0.069546875 0.15514583333333334
3 0.8127812499999999 0.517875 0.046171875 0.09629166666666666
3 0.77815625 0.46529166666666666 0.0203125 0.08466666666666667
3 0.884 0.6924166666666667 0.036578125 0.12164583333333333
3 0.94628125 0.8603333333333333 0.042765625 0.11608333333333333
2 0.3203125 0.44583333333333336 0.3171875 0.51875 0.3234375 0.5354166666666667 0.4140625 0.5583333333333333 0.4390625 0.48541666666666666 0.4484375 0.4375 0.459375 0.4166666666666667 0.4625 0.25833333333333336 0.4140625 0.24583333333333332 0.378125 0.25 0.3453125 0.28125
3 0.465625 0.56875 0.4671875 0.6604166666666667 0.484375 0.7145833333333333 0.5 0.6854166666666667 0.509375 0.63125 0.5109375 0.5666666666666667 0.496875 0.49375 0.4875 0.49583333333333335
3 0.4484375 0.5125 0.4453125 0.55 0.453125 0.6083333333333333 0.465625 0.5895833333333333 0.4625 0.575 0.4765625 0.5145833333333333 0.465625 0.4979166666666667 0.4546875 0.5
3 0.7125 0.4666666666666667 0.7109375 0.49375 0.728125 0.54375 0.7453125 0.47708333333333336 0.7328125 0.43125 0.71875 0.4395833333333333
3 0.721875 0.675 0.7125 0.7270833333333333 0.721875 0.7479166666666667 0.721875 0.76875 0.740625 0.7979166666666667 0.75625 0.74375 0.75625 0.7145833333333333 0.7640625 0.7083333333333334 0.765625 0.68125 0.746875 0.6708333333333333
3 0.809375 0.8479166666666667 0.8015625 0.9145833333333333 0.8203125 0.9625 0.828125 0.9666666666666667 0.85 0.8770833333333333 0.85 0.83125 0.8296875 0.8270833333333333 0.8140625 0.8354166666666667
3 0.8359375 0.3854166666666667 0.8328125 0.425 0.840625 0.5041666666666667 0.8578125 0.46041666666666664 0.8578125 0.43333333333333335 0.8515625 0.38333333333333336
3 0.834375 0.3020833333333333 0.834375 0.3729166666666667 0.846875 0.38125 0.8546875 0.31666666666666665 0.8453125 0.28541666666666665
3 0.6171875 0.21458333333333332 0.6171875 0.26458333333333334 0.6265625 0.28125 0.6375 0.22916666666666666 0.63125 0.18958333333333333
3 0.6796875 0.16875 0.678125 0.19583333333333333 0.6953125 0.2 0.696875 0.15833333333333333 0.684375 0.15208333333333332
3 0.7171875 0.20833333333333334 0.715625 0.24791666666666667 0.7265625 0.25416666666666665 0.73125 0.20416666666666666
2 0.734375 0.20625 0.728125 0.25833333333333336 0.7328125 0.3375 0.7375 0.35 0.7875 0.3729166666666667 0.7953125 0.38333333333333336 0.80625 0.3125 0.803125 0.23125 0.7859375 0.21041666666666667 0.7484375 0.20208333333333334