2 0.19353125 0.7928958333333332 0.226125 0.393375
2 0.6037343749999999 0.5465833333333333 0.10753125 0.25214583333333335
3 0.419859375 0.7518125 0.0450625 0.13843750000000002
3 0.9280625 0.5560833333333334 0.0239375 0.07625
4 0.624015625 0.3087708333333333 0.1255 0.3099166666666667
3 0.475765625 0.6188958333333333 0.03503125 0.11302083333333333
3 0.920046875 0.44766666666666666 0.023140625 0.0671875
0 0.7696875000000001 0.2876458333333333 0.12162500000000001 0.3603125
3 0.918546875 0.6806875 0.03521875 0.10929166666666666
0 0.399171875 0.3980416666666667 0.22751562500000003 0.46972916666666664
3 0.883875 0.4906875 0.0174375 0.059395833333333335
3 0.8586562499999999 0.43445833333333334 0.0156875 0.07185416666666668
3 0.363703125 0.9469791666666667 0.06621875 0.10058333333333333
3 0.911234375 0.38908333333333334 0.017765625 0.06322916666666667
2 0.675 0.7979166666666667 0.675 0.81875 0.684375 0.8458333333333333 0.6734375 0.8666666666666667 0.675 0.9166666666666666 0.678125 0.9375 0.6921875 0.95625 0.74375 0.9958333333333333 0.759375 0.99375 0.7640625 0.9833333333333333 0.771875 0.99375 0.809375 0.9979166666666667 0.8453125 0.9708333333333333 0.8640625 0.9270833333333334 0.8640625 0.7958333333333333 0.853125 0.7854166666666667 0.8546875 0.7270833333333333 0.846875 0.7208333333333333 0.8484375 0.6895833333333333 0.8375 0.6583333333333333 0.8265625 0.5770833333333333 0.81875 0.5666666666666667 0.75625 0.55 0.7375 0.5645833333333333 0.7125 0.6395833333333333 0.709375 0.6833333333333333 0.6953125 0.7020833333333333 0.68125 0.74375
3 0.840625 0.5770833333333333 0.840625 0.63125 0.8609375 0.6770833333333334 0.865625 0.675 0.8671875 0.5854166666666667 0.8578125 0.5625 0.8484375 0.5625
3 0.70625 0.5479166666666667 0.7109375 0.6375 0.7328125 0.5708333333333333 0.746875 0.5479166666666667 0.740625 0.48541666666666666 0.7296875 0.48333333333333334
3 0.8953125 0.8291666666666667 0.89375 0.85625 0.9078125 0.9104166666666667 0.90625 0.9333333333333333 0.91875 0.9479166666666666 0.9375 0.8583333333333333 0.940625 0.8104166666666667 0.9359375 0.7833333333333333 0.9265625 0.7770833333333333 0.9140625 0.7833333333333333 0.9109375 0.7958333333333333 0.9 0.7979166666666667 0.9046875 0.81875
3 0.95625 0.75625 0.953125 0.7791666666666667 0.9640625 0.81875 0.96875 0.8791666666666667 0.9703125 0.8479166666666667 0.990625 0.8083333333333333 0.9890625 0.7645833333333333 0.975 0.7416666666666667
3 0.9828125 0.6458333333333334 0.984375 0.6958333333333333 0.9984375 0.725 0.9984375 0.6395833333333333
3 0.953125 0.5145833333333333 0.95625 0.5895833333333333 0.9734375 0.6125 0.9859375 0.5770833333333333 0.9859375 0.49375 0.9765625 0.4583333333333333 0.959375 0.4625
3 0.875 0.3333333333333333 0.878125 0.3854166666666667 0.890625 0.39375 0.9 0.3416666666666667 0.8828125 0.30625