2 0.4363125 0.43 0.12653125 0.23020833333333332
3 0.73409375 0.4442083333333333 0.044078125 0.1009375
3 0.871859375 0.47554166666666664 0.025640625 0.07535416666666667
3 0.9280156249999999 0.5385416666666667 0.020859375 0.04864583333333334
3 0.617453125 0.6907916666666666 0.046578125 0.14077083333333332
3 0.8543125 0.4214791666666667 0.022218750000000002 0.06333333333333332
3 0.825046875 0.5974583333333333 0.023609375 0.086625
3 0.8207968749999999 0.43833333333333335 0.02265625 0.05527083333333334
2 0.259453125 0.7282708333333333 0.16107812500000002 0.3328541666666667
2 0.50315625 0.25575000000000003 0.07590625 0.12466666666666668
3 0.8796250000000001 0.6550833333333334 0.022343750000000002 0.09291666666666668
3 0.9836406249999999 0.872625 0.032718750000000005 0.10806249999999999
3 0.9049375 0.454125 0.0163125 0.051083333333333335
3 0.339359375 0.9472708333333333 0.036140624999999996 0.10547916666666667
3 0.470703125 0.8769583333333333 0.025390625 0.12370833333333334
3 0.45996875 0.6028749999999999 0.0234375 0.11979166666666667
3 0.51953125 0.5605416666666667 0.021484375 0.08983333333333333
3 0.55615625 0.4401041666666667 0.018562500000000003 0.059895833333333336
3 0.53271875 0.37825000000000003 0.018562500000000003 0.05339583333333333
3 0.766609375 0.6582083333333333 0.0234375 0.06641666666666667
3 0.719734375 0.8606874999999999 0.029296875 0.13541666666666666
3 0.708984375 0.7193958333333333 0.021484375 0.09766666666666667
4 0.6640625 0.26366666666666666 0.083984375 0.24610416666666665
3 0.575203125 0.3411458333333333 0.015625 0.057291666666666664
3 0.726078125 0.3671875 0.008796875 0.036458333333333336
3 0.76465625 0.3697916666666667 0.013671875 0.044270833333333336
3 0.72803125 0.28710416666666666 0.014656250000000001 0.050791666666666666
3 0.797359375 0.5377708333333333 0.022468750000000003 0.0703125
3 0.781734375 0.46158333333333335 0.020515625000000003 0.06120833333333333
3 0.938484375 0.6914166666666667 0.01171875 0.07291666666666667
3 0.990234375 0.6028749999999999 0.015625 0.06770833333333333
3 0.9389687500000001 0.46418750000000003 0.022468750000000003 0.056