1 0.26409375 0.634 0.187265625 0.45675000000000004
1 0.29215625 0.25958333333333333 0.09825 0.11927083333333334
1 0.619671875 0.7543958333333334 0.132859375 0.2596875
2 0.857046875 0.45085416666666667 0.020828125 0.07672916666666667
1 0.55815625 0.5486041666666667 0.12367187500000001 0.1918541666666667
1 0.8444375000000001 0.7384166666666666 0.158703125 0.48166666666666663
3 0.518640625 0.26564583333333336 0.10528124999999999 0.23014583333333333
2 0.689453125 0.6901041666666666 0.0234375 0.08333333333333333
2 0.526375 0.4362083333333333 0.017578125 0.046875
2 0.655765625 0.56575 0.03028125 0.06902083333333334
2 0.859375 0.3919375 0.013671875 0.0390625
2 0.38134375 0.36654166666666665 0.016593749999999997 0.042979166666666666
2 0.407234375 0.3502708333333333 0.021484375 0.046875
2 0.5756875 0.3932291666666667 0.026375 0.06510416666666667
2 0.330078125 0.4049583333333333 0.021484375 0.0390625
2 0.451171875 0.26106250000000003 0.01171875 0.0481875
2 0.567875 0.34570833333333334 0.008796875 0.04558333333333333
2 0.96875 0.8834583333333333 0.033203125 0.12110416666666667
2 0.35546875 0.3867291666666667 0.0234375 0.049479166666666664
3 0.650390625 0.43293750000000003 0.091796875 0.20964583333333334
1 0.773921875 0.484375 0.07323437499999999 0.18489583333333334
1 0.75146875 0.28710416666666666 0.047843750000000004 0.12889583333333332
3 0.650875 0.20833333333333334 0.059578125 0.1171875
1 0.661625 0.2981875 0.055671875 0.0859375
