0 0.20407812500000003 0.6183958333333333 0.38503125 0.7632083333333333
2 0.917921875 0.5891875 0.14103125 0.2903333333333334
0 0.524609375 0.21560416666666665 0.059921875 0.19683333333333333
2 0.868078125 0.8553125 0.18234375 0.289375
4 0.6363749999999999 0.361375 0.11971875000000001 0.30979166666666663
0 0.452328125 0.30574999999999997 0.097359375 0.24283333333333335
2 0.5921875 0.5083333333333333 0.56875 0.5895833333333333 0.5484375 0.6041666666666666 0.5625 0.6375 0.5515625 0.68125 0.5515625 0.7583333333333333 0.6125 0.7729166666666667 0.6421875 0.79375 0.671875 0.83125 0.690625 0.8354166666666667 0.7 0.78125 0.7 0.6833333333333333 0.715625 0.6354166666666666 0.70625 0.6270833333333333 0.684375 0.5 0.61875 0.48333333333333334 0.60625 0.4875
2 0.496875 0.9541666666666667 0.4953125 0.9979166666666667 0.6703125 0.9979166666666667 0.6703125 0.9125 0.6640625 0.875 0.6578125 0.85625 0.6390625 0.8416666666666667 0.61875 0.8416666666666667 0.6015625 0.85625 0.58125 0.85 0.5546875 0.8041666666666667 0.5359375 0.7916666666666666 0.5234375 0.8229166666666666
2 0.8171875 0.34791666666666665 0.815625 0.3729166666666667 0.834375 0.42916666666666664 0.8640625 0.42291666666666666 0.890625 0.4395833333333333 0.9 0.4354166666666667 0.8984375 0.3375 0.8765625 0.28541666666666665 0.84375 0.2708333333333333 0.8359375 0.275 0.825 0.3
2 0.71875 0.2916666666666667 0.715625 0.34375 0.7203125 0.3645833333333333 0.7453125 0.36041666666666666 0.7859375 0.375 0.790625 0.2916666666666667 0.7734375 0.25 0.73125 0.23958333333333334
4 0.5671875 0.3875 0.565625 0.41041666666666665 0.5796875 0.4375 0.5796875 0.5166666666666667 0.5875 0.5166666666666667 0.603125 0.48333333333333334 0.6859375 0.4895833333333333 0.6875 0.4666666666666667 0.6984375 0.4395833333333333 0.6921875 0.4083333333333333 0.69375 0.34375 0.7 0.33125 0.7 0.18125 0.690625 0.14791666666666667 0.65625 0.12291666666666666 0.6125 0.13333333333333333 0.596875 0.21666666666666667 0.5859375 0.2375 0.5828125 0.35833333333333334