1 0.225109375 0.2370625 0.124125 0.13379166666666667
1 0.2548125 0.6992083333333333 0.16796875 0.34149999999999997
1 0.35176562499999997 0.4956041666666666 0.12692187500000002 0.25729166666666664
1 0.44553125 0.37379166666666663 0.099953125 0.20229166666666665
1 0.49106249999999996 0.26579166666666665 0.07810937500000001 0.12079166666666666
1 0.85384375 0.7193333333333333 0.13965624999999998 0.36922916666666666
1 0.67890625 0.694625 0.1451875 0.30497916666666663
2 0.511859375 0.4951875 0.02915625 0.09329166666666668
3 0.645765625 0.4584375 0.12823437499999998 0.3574583333333334
2 0.9449062500000001 0.5763541666666666 0.025265625000000003 0.10910416666666665
2 0.8614843750000001 0.49324999999999997 0.028546875 0.058333333333333334
2 0.898484375 0.4175833333333333 0.01621875 0.042749999999999996
3 0.4984375 0.18541666666666667 0.5015625 0.20833333333333334 0.525 0.22291666666666668 0.540625 0.28125 0.559375 0.28958333333333336 0.5671875 0.28541666666666665 0.5796875 0.25833333333333336 0.5921875 0.17916666666666667 0.59375 0.14583333333333334 0.584375 0.12083333333333333 0.5703125 0.10625 0.521875 0.10208333333333333 0.509375 0.14166666666666666 0.509375 0.1625
0 0.7296875 0.35208333333333336 0.725 0.41041666666666665 0.73125 0.46875 0.746875 0.47708333333333336 0.7546875 0.47291666666666665 0.765625 0.49375 0.7640625 0.5083333333333333 0.778125 0.525 0.7859375 0.525 0.79375 0.5125 0.8171875 0.5145833333333333 0.825 0.4270833333333333 0.81875 0.41875 0.8203125 0.4 0.809375 0.3541666666666667 0.796875 0.32708333333333334 0.78125 0.3333333333333333 0.7484375 0.325 0.734375 0.3333333333333333
3 0.615625 0.20208333333333334 0.6140625 0.2520833333333333 0.621875 0.26458333333333334 0.6734375 0.26458333333333334 0.6890625 0.27291666666666664 0.696875 0.23333333333333334 0.6921875 0.15 0.6484375 0.12916666666666668 0.6328125 0.12916666666666668 0.6203125 0.16458333333333333
3 0.7140625 0.22916666666666666 0.7125 0.29791666666666666 0.7296875 0.35 0.73125 0.3333333333333333 0.753125 0.3125 0.771875 0.3229166666666667 0.78125 0.3145833333333333 0.8 0.3375 0.803125 0.25 0.790625 0.22083333333333333 0.721875 0.20833333333333334
