2 0.33003125 0.6569166666666667 0.192171875 0.3688333333333333
4 0.477828125 0.34750000000000003 0.174125 0.41710416666666666
3 0.43414062500000006 0.1178125 0.01928125 0.034583333333333334
3 0.778609375 0.9405 0.06665625 0.1111875
0 0.089484375 0.14714583333333334 0.178984375 0.22379166666666667
4 0.600625 0.4708125 0.122390625 0.2434375
4 0.653796875 0.2271875 0.1201875 0.3073125
3 0.214828125 0.6480208333333334 0.022875 0.05577083333333333
2 0.587390625 0.7494791666666667 0.140046875 0.33539583333333334
3 0.7065625 0.7656875 0.046468749999999996 0.13633333333333333
3 0.7766093749999999 0.7041666666666667 0.042953124999999995 0.13160416666666666
3 0.8919062500000001 0.7142916666666667 0.030625000000000003 0.08704166666666667
3 0.8435 0.6689791666666667 0.03309375 0.07810416666666667
3 0.95475 0.8455416666666667 0.034499999999999996 0.09322916666666667
3 0.124984375 0.755375 0.03028125 0.12697916666666667
3 0.12285937499999999 0.9762083333333333 0.05140625 0.04760416666666667
3 0.047531250000000004 0.8788750000000001 0.048578125 0.126125
3 0.8781874999999999 0.5183333333333333 0.032734374999999996 0.09225
3 0.8371718749999999 0.3960208333333333 0.01196875 0.05883333333333333
3 0.82203125 0.36691666666666667 0.015484375 0.0513125
3 0.8195625 0.5033125 0.014781250000000001 0.03964583333333334
3 0.8234375 0.5619999999999999 0.02253125 0.06129166666666667
3 0.7458125 0.5166875 0.025703125 0.057979166666666665
3 0.771859375 0.5483750000000001 0.01865625 0.0509375
3 0.706203125 0.5594166666666667 0.03309375 0.0645625
2 0.762 0.34962499999999996 0.06653125 0.18010416666666668
3 0.555359375 0.9582083333333333 0.077796875 0.0735625
3 0.743171875 0.5967083333333334 0.024640625 0.09127083333333334
3 0.36859375 0.44433333333333336 0.019015625 0.0484375