3 0.79221875 0.415 0.018609375 0.06752083333333332
4 0.412203125 0.3374166666666667 0.16025 0.33356250000000004
2 0.6704375 0.208375 0.054156249999999996 0.09435416666666667
3 0.9444687500000001 0.5635625 0.0248125 0.1125
4 0.62646875 0.5931041666666667 0.15137499999999998 0.4101666666666667
3 0.48584375 0.6966249999999999 0.049812499999999996 0.1484375
3 0.5234375 0.47070833333333334 0.01953125 0.07683333333333334
3 0.7734375 0.2929791666666667 0.01171875 0.046875
3 0.8461874999999999 0.49674999999999997 0.024421875000000003 0.08204166666666667
3 0.8813437499999999 0.5651041666666666 0.022468750000000003 0.0546875
3 0.919921875 0.6790416666666667 0.033203125 0.07422916666666667
3 0.9741250000000001 0.8756458333333333 0.028328125 0.10808333333333334
3 0.8110312499999999 0.21225 0.008796875 0.036458333333333336
3 0.742671875 0.19270833333333334 0.014656250000000001 0.028645833333333332
3 0.724125 0.17058333333333334 0.022468750000000003 0.03125
3 0.599125 0.31185416666666665 0.018562500000000003 0.0481875
3 0.599125 0.21745833333333334 0.016609375000000003 0.0390625
2 0.640625 0.30272916666666666 0.05078125 0.11066666666666666
2 0.288578125 0.6022083333333333 0.14160937499999998 0.3424583333333333
2 0.555171875 0.27799999999999997 0.055671875 0.12110416666666667
2 0.521484375 0.19402083333333334 0.0390625 0.08333333333333333
2 0.793953125 0.5292916666666667 0.08203125 0.1263125
2 0.830078125 0.7441458333333333 0.123046875 0.290375
3 0.10595312500000001 0.9641875 0.045890625000000004 0.07162500000000001
3 0.8862343750000001 0.9537708333333333 0.047859374999999996 0.09245833333333334
3 0.78759375 0.29362499999999997 0.008796875 0.02735416666666667
0 0.661640625 0.19991666666666666 0.07173437499999999 0.11127083333333333