2 0.770875 0.34927083333333336 0.075265625 0.14760416666666665
2 0.6398125 0.7418958333333333 0.139828125 0.4472083333333333
2 0.6569375 0.46664583333333337 0.10525 0.146875
0 0.530421875 0.21516666666666667 0.099359375 0.17145833333333332
3 0.9794375000000001 0.8563333333333334 0.041125 0.11466666666666667
4 0.3845 0.5513750000000001 0.223484375 0.5678958333333333
2 0.9268281249999999 0.41670833333333335 0.09775 0.23550000000000001
3 0.02915625 0.947625 0.058296875000000005 0.10477083333333333
3 0.830828125 0.33864583333333337 0.021078125 0.07614583333333333
3 0.54715625 0.592625 0.02471875 0.14658333333333334
3 0.9400625 0.6093541666666666 0.02884375 0.08475