1 0.7766875 0.4046458333333333 0.086703125 0.16308333333333333
1 0.868515625 0.6876041666666667 0.136234375 0.297875
0 0.545640625 0.19139583333333335 0.070921875 0.1505
3 0.36665625 0.44629166666666664 0.269671875 0.540125
3 0.645640625 0.31675 0.151171875 0.32425
2 0.8356718750000001 0.4079583333333333 0.018265625 0.0565
2 0.5234375 0.6770833333333334 0.5125 0.7166666666666667 0.5125 0.7854166666666667 0.5390625 0.8354166666666667 0.5640625 0.7541666666666667 0.5625 0.6708333333333333 0.559375 0.6645833333333333
2 0.4390625 0.7833333333333333 0.43125 0.8520833333333333 0.4390625 0.8708333333333333 0.4375 0.8854166666666666 0.4515625 0.9 0.478125 0.8604166666666667 0.46875 0.85 0.4734375 0.8041666666666667 0.459375 0.7708333333333334 0.4453125 0.7708333333333334
2 0.2703125 0.8083333333333333 0.275 0.8270833333333333 0.271875 0.8520833333333333 0.296875 0.8625 0.3125 0.89375 0.31875 0.85 0.3046875 0.8375 0.303125 0.8270833333333333 0.2890625 0.83125
2 0.04375 0.8583333333333333 0.04375 0.8958333333333334 0.053125 0.90625 0.0734375 0.9041666666666667 0.08125 0.8895833333333333 0.0796875 0.8791666666666667 0.096875 0.8541666666666666 0.0875 0.8125 0.0765625 0.8 0.0546875 0.8020833333333334
2 0.08125 0.9166666666666666 0.0796875 0.9666666666666667 0.0890625 0.9770833333333333 0.0875 0.99375 0.0984375 0.9979166666666667 0.11875 0.9833333333333333 0.115625 0.9708333333333333 0.125 0.9479166666666666 0.1234375 0.93125 0.1125 0.9083333333333333 0.0875 0.9041666666666667
1 0.74375 0.50625 0.740625 0.61875 0.753125 0.6520833333333333 0.746875 0.675 0.75 0.6875 0.7578125 0.6875 0.78125 0.6770833333333334 0.7875 0.6604166666666667 0.7890625 0.6125 0.8046875 0.54375 0.8109375 0.5375 0.853125 0.5416666666666666 0.853125 0.5270833333333333 0.834375 0.48541666666666666 0.7953125 0.4791666666666667 0.7765625 0.4666666666666667 0.7703125 0.4666666666666667 0.759375 0.49375
2 0.928125 0.5604166666666667 0.90625 0.5604166666666667 0.925 0.6208333333333333
2 0.9375 0.6395833333333333 0.9375 0.6541666666666667 0.9453125 0.65625 0.9484375 0.6395833333333333
2 0.5109375 0.4375 0.50625 0.5166666666666667 0.5265625 0.5395833333333333 0.5359375 0.5041666666666667 0.5359375 0.4354166666666667 0.5203125 0.4270833333333333
2 0.6140625 0.8270833333333333 0.6171875 0.8541666666666666 0.578125 0.9791666666666666 0.5796875 0.99375 0.6625 0.9979166666666667 0.66875 0.9104166666666667 0.6421875 0.8145833333333333 0.6328125 0.8020833333333334
2 0.8875 0.34791666666666665 0.884375 0.3854166666666667 0.9015625 0.39791666666666664 0.9125 0.3729166666666667 0.9109375 0.3375 0.890625 0.325
