2 0.672296875 0.4532083333333333 0.095984375 0.20497916666666666
2 0.43754687499999995 0.0903125 0.04134375 0.058270833333333334
4 0.6307343750000001 0.256 0.09015625000000001 0.22908333333333333
2 0.121484375 0.8482916666666667 0.2226875 0.29612499999999997
3 0.5077812500000001 0.4572083333333333 0.020624999999999998 0.059229166666666666
3 0.528390625 0.5467708333333333 0.033125 0.100125
3 0.6943125 0.6880833333333333 0.032984374999999996 0.0925625
3 0.56134375 0.5252291666666667 0.03509375 0.1055625
4 0.43735937500000005 0.30295833333333333 0.167171875 0.3033541666666667
3 0.8946249999999999 0.4166666666666667 0.01634375 0.05222916666666667
3 0.776234375 0.39035416666666667 0.022328124999999997 0.053000000000000005
3 0.517109375 0.3515625 0.021625 0.088625
2 0.8057968750000001 0.5671666666666667 0.102296875 0.27627083333333335
3 0.77890625 0.3062916666666667 0.014124999999999999 0.03695833333333333
3 0.8461562499999999 0.38475000000000004 0.016843749999999998 0.051958333333333336
3 0.27545312499999997 0.6659791666666667 0.04390625 0.11941666666666667
3 0.351078125 0.5807291666666666 0.022468750000000003 0.09375
3 0.71778125 0.9010416666666666 0.033203125 0.13541666666666666
3 0.9389687500000001 0.8203125 0.036140624999999996 0.11979166666666667
3 0.912109375 0.6647083333333333 0.01953125 0.08725000000000001
3 0.970703125 0.6582083333333333 0.02734375 0.07162500000000001
3 0.865234375 0.5527291666666667 0.017578125 0.0638125
3 0.973640625 0.53125 0.017578125 0.06510416666666667
3 0.81640625 0.39647916666666666 0.015625 0.04558333333333333
3 0.55321875 0.3645833333333333 0.024421875000000003 0.057291666666666664
3 0.7211875 0.3541666666666667 0.028328125 0.052083333333333336
3 0.754390625 0.34375 0.012703125000000001 0.049479166666666664
4 0.6307343750000001 0.256 0.09015625000000001 0.22908333333333333
0 0.076171875 0.15364583333333334 0.1484375 0.203125