1 0.6088281249999999 0.7055 0.1310625 0.32077083333333334
1 0.656296875 0.2634583333333333 0.071046875 0.12022916666666666
1 0.38015625000000003 0.647375 0.147140625 0.3124791666666667
1 0.874609375 0.7186875 0.14596875 0.3905
1 0.476875 0.33525 0.075953125 0.14100000000000001
1 0.635375 0.3513958333333333 0.088515625 0.1310625
1 0.523671875 0.2715625 0.081078125 0.12410416666666667
1 0.425625 0.4330416666666667 0.119046875 0.22352083333333334
1 0.606390625 0.47722916666666665 0.110125 0.16716666666666666
1 0.519453125 0.2145625 0.07856250000000001 0.09558333333333334
