2 0.8754687499999999 0.5818541666666667 0.116625 0.28347916666666667
2 0.77659375 0.34702083333333333 0.06403125 0.14777083333333335
4 0.390671875 0.529125 0.20003125000000002 0.5754583333333334
2 0.611046875 0.7397708333333333 0.15437499999999998 0.3602916666666667
3 0.7796093749999999 0.5727708333333333 0.02371875 0.07422916666666667
0 0.49924999999999997 0.20224999999999999 0.082125 0.1479375
3 0.8463593749999999 0.40320833333333334 0.02303125 0.0638125
3 0.71696875 0.41383333333333333 0.027765625 0.084
3 0.064578125 0.9472708333333333 0.044453124999999996 0.0875625
4 0.505375 0.3867291666666667 0.08887500000000001 0.23697916666666666
2 0.6430625 0.5006458333333333 0.104484375 0.20441666666666666
2 0.6538125 0.36262500000000003 0.07520312500000001 0.10287500000000001
2 0.629890625 0.2877708333333333 0.064453125 0.109375
3 0.747078125 0.6673125 0.02734375 0.0638125
3 0.183109375 0.84375 0.041999999999999996 0.10677083333333333
3 0.12989062499999998 0.7252708333333333 0.02734375 0.07552083333333333
3 0.140140625 0.9674583333333333 0.034187499999999996 0.06510416666666667
3 0.39696875 0.9635416666666666 0.043937500000000004 0.07291666666666667
3 0.9252968750000001 0.8535208333333333 0.040046874999999996 0.09245833333333334
3 0.94921875 0.9667916666666667 0.02734375 0.06639583333333333
3 0.737796875 0.93425 0.041999999999999996 0.10808333333333334
3 0.53515625 0.5768333333333333 0.01953125 0.09375
3 0.557125 0.47460416666666666 0.020515625000000003 0.07683333333333334
3 0.56884375 0.2942708333333333 0.018562500000000003 0.0546875
3 0.734859375 0.5878958333333333 0.014656250000000001 0.08985416666666667
3 0.8042031250000001 0.46029166666666665 0.016609375000000003 0.0481875