4 0.087015625 0.4154375 0.17403125 0.3575833333333333
2 0.262 0.7350208333333333 0.19859374999999999 0.42052083333333334
2 0.6549375000000001 0.6724583333333333 0.12481249999999999 0.32933333333333337
2 0.34835937499999997 0.1519375 0.0843125 0.12285416666666667
4 0.8050312500000001 0.42510416666666667 0.10606249999999999 0.3252083333333333
3 0.72315625 0.48183333333333334 0.032234374999999996 0.07772916666666667
2 0.3715 0.457625 0.15332812499999998 0.25552083333333336
2 0.6148125 0.4378125 0.09671874999999999 0.1695
4 0.3984375 0.24375 0.3890625 0.33541666666666664 0.4296875 0.34791666666666665 0.4421875 0.39166666666666666 0.4390625 0.49583333333333335 0.4671875 0.5 0.4828125 0.45416666666666666 0.49375 0.44583333333333336 0.4953125 0.4041666666666667 0.509375 0.3625 0.515625 0.21458333333333332 0.43125 0.19583333333333333
2 0.5140625 0.27291666666666664 0.5125 0.3645833333333333 0.5046875 0.3854166666666667 0.5296875 0.39791666666666664 0.55625 0.4 0.578125 0.32916666666666666 0.56875 0.24375 0.525 0.23333333333333334
2 0.6046875 0.28541666666666665 0.603125 0.3125 0.646875 0.31875 0.6640625 0.37083333333333335 0.671875 0.30416666666666664 0.6546875 0.25833333333333336 0.64375 0.24583333333333332 0.61875 0.24583333333333332
2 0.659375 0.175 0.646875 0.21458333333333332 0.646875 0.23541666666666666 0.66875 0.28541666666666665 0.6765625 0.28958333333333336 0.684375 0.26458333333333334 0.703125 0.275 0.7046875 0.22291666666666668 0.69375 0.17916666666666667
2 0.709375 0.28958333333333336 0.7140625 0.31666666666666665 0.703125 0.35625 0.709375 0.3729166666666667 0.721875 0.3729166666666667 0.7296875 0.3854166666666667 0.740625 0.38125 0.75 0.35208333333333336 0.7453125 0.2875 0.7640625 0.26875 0.7296875 0.25625 0.715625 0.2708333333333333
0 0.1 0.020833333333333332 0.0765625 0.04791666666666667 0.0515625 0.04375 0 0.052083333333333336 0 0.23333333333333334 0.0375 0.225 0.05625 0.20625 0.0703125 0.2125 0.18125 0.2125 0.209375 0.17916666666666667 0.2078125 0.12708333333333333 0.1875 0.05 0.1453125 0.016666666666666666
4 0.4640625 0.18125 0.465625 0.19791666666666666 0.5125 0.20833333333333334 0.51875 0.22916666666666666 0.528125 0.21875 0.528125 0.18125 0.521875 0.17083333333333334 0.471875 0.1625
3 0.9171875 0.6416666666666667 0.915625 0.70625 0.93125 0.7583333333333333 0.953125 0.6583333333333333 0.9515625 0.625 0.9421875 0.5979166666666667 0.928125 0.6
3 0.8625 0.875 0.865625 0.9541666666666667 0.871875 0.9791666666666666 0.8828125 0.99375 0.921875 0.9625 0.9328125 0.93125 0.940625 0.8666666666666667 0.93125 0.8333333333333334 0.909375 0.83125 0.9 0.8208333333333333 0.8671875 0.85625
3 0.9125 0.38333333333333336 0.9109375 0.43333333333333335 0.925 0.4625 0.9359375 0.46458333333333335 0.94375 0.4395833333333333 0.9375 0.3854166666666667
3 0.240625 0.19583333333333333 0.246875 0.24375 0.2703125 0.23333333333333334 0.2703125 0.2