4 0.343390625 0.5214791666666667 0.26351562500000003 0.6290416666666666
2 0.79996875 0.544625 0.11164062500000001 0.2841666666666667
4 0.6633125 0.29458333333333336 0.11785937500000002 0.31189583333333337
2 0.77425 0.36033333333333334 0.09098437499999999 0.16129166666666667
3 0.8993593750000001 0.43333333333333335 0.03096875 0.082125
3 0.910296875 0.6486041666666666 0.030703124999999998 0.12708333333333333
0 0.484859375 0.3815208333333333 0.07518749999999999 0.2708333333333333
2 0.63671875 0.5266875 0.09765625 0.1705625
2 0.58984375 0.7363333333333333 0.123046875 0.3112083333333333
2 0.8051718749999999 0.8443958333333333 0.13379687499999998 0.3112083333333333
3 0.94825 0.5442708333333334 0.01953125 0.0625
3 0.554203125 0.21614583333333334 0.034187499999999996 0.09114583333333333