1 0.373625 0.5831875 0.14809375 0.31754166666666667
1 0.83534375 0.7270833333333333 0.16675 0.3794583333333333
1 0.659328125 0.13139583333333332 0.08401562500000001 0.15745833333333334
3 0.640421875 0.330875 0.12240625000000001 0.35077083333333337
1 0.123 0.24210416666666665 0.122875 0.1570625
1 0.563078125 0.635125 0.13465625 0.2736041666666667
1 0.40931249999999997 0.15637500000000001 0.044609375 0.08745833333333333
2 0.19012500000000002 0.22358333333333333 0.024109375 0.06464583333333333
3 0.48317187500000003 0.2954375 0.13853125 0.3281875
1 0.7944375 0.45433333333333337 0.10848437500000001 0.15391666666666665
2 0.79109375 0.3322083333333333 0.055078125 0.07439583333333334
