3 0.427578125 0.2936666666666667 0.131625 0.23279166666666665
1 0.272859375 0.6594374999999999 0.175671875 0.3493541666666667
1 0.5550937499999999 0.72775 0.139078125 0.40245833333333336
1 0.36724999999999997 0.4781875 0.119953125 0.23816666666666667
1 0.733859375 0.5146458333333334 0.098515625 0.18631250000000002
1 0.760390625 0.771375 0.12540625 0.3848958333333333
2 0.8552031250000001 0.6586458333333333 0.039281250000000004 0.09795833333333334
2 0.9120312500000001 0.5608125 0.038296875 0.09297916666666667
3 0.6210312499999999 0.2308125 0.106546875 0.2526041666666667
2 0.93234375 0.7078958333333334 0.036765625 0.135625
0 0.5286562499999999 0.20516666666666666 0.066125 0.1159375