1 0.7493125 0.2265 0.058875 0.10491666666666667
1 0.517859375 0.19464583333333335 0.0533125 0.11179166666666666
0 0.2453125 0.6375 0.20625 0.7166666666666667 0.196875 0.7229166666666667 0.1875 0.7479166666666667 0.125 0.8416666666666667 0.125 0.8520833333333333 0.0390625 0.9833333333333333 0.0390625 0.9979166666666667 0.7234375 0.9979166666666667 0.7265625 0.60625 0.7203125 0.5729166666666666 0.71875 0.4041666666666667 0.7109375 0.3541666666666667 0.578125 0.3145833333333333 0.4765625 0.30625 0.4546875 0.3125
1 0.0484375 0.93125 0.046875 0.95 0.053125 0.95625 0.21875 0.6854166666666667 0.2390625 0.65 0.240625 0.6333333333333333 0.2015625 0.6270833333333333 0.178125 0.6354166666666666 0.13125 0.7020833333333333 0.103125 0.775 0.0765625 0.775 0.0859375 0.8208333333333333 0.08125 0.8395833333333333 0.0703125 0.8375
3 0.28125 0.5083333333333333 0.2796875 0.56875 0.284375 0.5729166666666666 0.4484375 0.3125 0.4671875 0.3020833333333333 0.4953125 0.3 0.4984375 0.22291666666666668 0.4921875 0.21458333333333332 0.384375 0.19583333333333333 0.3 0.28541666666666665
3 0.74375 0.2708333333333333 0.7359375 0.2791666666666667 0.7421875 0.35833333333333334 0.7359375 0.4583333333333333 0.740625 0.6145833333333334 0.746875 0.6270833333333333 0.796875 0.6333333333333333 0.83125 0.6479166666666667 0.8421875 0.6395833333333333 0.8515625 0.5979166666666667 0.8640625 0.35 0.8375 0.33541666666666664 0.8078125 0.28125 0.771875 0.25833333333333336
3 0.5953125 0.24375 0.59375 0.30416666666666664 0.5984375 0.3145833333333333 0.65 0.33125 0.6703125 0.32916666666666666 0.6765625 0.24166666666666667 0.6703125 0.13125 0.65 0.12708333333333333 0.6265625 0.13541666666666666 0.6140625 0.18125 0.6 0.20208333333333334
3 0.5953125 0.2375 0.59375 0.30416666666666664 0.5984375 0.31666666666666665 0.6703125 0.33125 0.6765625 0.24375 0.671875 0.14583333333333334 0.65 0.13333333333333333 0.6296875 0.13541666666666666 0.6171875 0.17708333333333334 0.6 0.20208333333333334
2 0.825 0.8625 0.8203125 0.95625 0.834375 0.96875 0.8578125 0.9625 0.871875 0.9770833333333333 0.8859375 0.9458333333333333 0.8859375 0.8541666666666666 0.86875 0.8145833333333333 0.875 0.7958333333333333 0.865625 0.76875 0.8546875 0.7729166666666667
2 0.9171875 0.8020833333333334 0.9140625 0.86875 0.903125 0.9291666666666667 0.91875 0.9333333333333333 0.9609375 0.90625 0.96875 0.8354166666666667 0.959375 0.78125 0.965625 0.7479166666666667 0.9578125 0.7416666666666667 0.95 0.79375 0.9265625 0.8020833333333334 0.921875 0.7916666666666666
2 0.8265625 0.8666666666666667 0.825 0.9458333333333333 0.8296875 0.96875 0.8421875 0.9979166666666667 0.86875 0.9979166666666667 0.8734375 0.9729166666666667 0.8890625 0.9479166666666666 0.8859375 0.8541666666666666 0.8734375 0.8041666666666667 0.875 0.7604166666666666 0.8578125 0.7604166666666666 0.8296875 0.8395833333333333
2 0.7390625 0.9 0.7375 0.9979166666666667 0.803125 0.9979166666666667 0.803125 0.95625 0.8125 0.9 0.7859375 0.8270833333333333 0.771875 0.8229166666666666 0.75625 0.8416666666666667 0.7546875 0.8708333333333333
3 0.5328125 0.13541666666666666 0.534375 0.15833333333333333 0.5484375 0.17291666666666666 0.5546875 0.19583333333333333 0.578125 0.2 0.5875 0.15833333333333333 0.5828125 0.12083333333333333 0.5765625 0.11458333333333333 0.54375 0.11458333333333333
2 0.55 0.275 0.5484375 0.30416666666666664 0.5734375 0.30833333333333335 0.58125 0.275 0.5734375 0.23541666666666666 0.565625 0.2375
