1 0.607 0.37466666666666665 0.0995625 0.1988125
3 0.81346875 0.6857291666666666 0.189625 0.623125
1 0.5653125 0.7160416666666667 0.163859375 0.3436458333333333
1 0.36503125000000003 0.44564583333333335 0.138984375 0.22747916666666665
3 0.466890625 0.2906666666666667 0.11060937500000001 0.25266666666666665
2 0.253125 0.8895833333333333 0.2375 0.9416666666666667 0.2421875 0.9979166666666667 0.3296875 0.9979166666666667 0.3375 0.9875 0.340625 0.9354166666666667 0.3125 0.9041666666666667 0.30625 0.8854166666666666 0.2625 0.86875
2 0.303125 0.7291666666666666 0.321875 0.8020833333333334 0.340625 0.83125 0.3625 0.775 0.3671875 0.7270833333333333 0.359375 0.7229166666666667 0.35 0.6958333333333333
2 0.928125 0.45208333333333334 0.9140625 0.4895833333333333 0.9140625 0.54375 0.9171875 0.6145833333333334 0.93125 0.625 0.9453125 0.5708333333333333 0.95 0.5083333333333333 0.940625 0.45
2 0.853125 0.2791666666666667 0.840625 0.2791666666666667 0.840625 0.3104166666666667 0.8515625 0.325 0.8578125 0.3770833333333333 0.8671875 0.37916666666666665 0.8765625 0.35208333333333336 0.871875 0.30833333333333335
1 0.71875 0.27708333333333335 0.7171875 0.36041666666666666 0.7234375 0.36666666666666664 0.778125 0.36666666666666664 0.7859375 0.35833333333333334 0.7765625 0.25833333333333336 0.7609375 0.22291666666666668 0.73125 0.22708333333333333 0.721875 0.24375
1 0.7578125 0.18541666666666667 0.753125 0.21458333333333332 0.7734375 0.2375 0.7796875 0.26875 0.803125 0.27708333333333335 0.8109375 0.2625 0.8125 0.23125 0.803125 0.19583333333333333 0.790625 0.17916666666666667 0.76875 0.175
1 0.6046875 0.2375 0.6015625 0.28541666666666665 0.6375 0.29375 0.659375 0.35 0.6671875 0.275 0.6640625 0.23333333333333334 0.6546875 0.21875 0.621875 0.21666666666666667
1 0.540625 0.11875 0.5296875 0.15 0.53125 0.18125 0.571875 0.1875 0.5828125 0.15 0.5734375 0.10625 0.55 0.10208333333333333
1 0.625 0.15625 0.6171875 0.20625 0.6671875 0.23125 0.675 0.22708333333333333 0.6703125 0.15416666666666667 0.634375 0.14791666666666667
1 0.7 0.14583333333333334 0.6921875 0.17291666666666666 0.69375 0.22291666666666668 0.721875 0.23125 0.7390625 0.21458333333333332 0.7421875 0.18125 0.7359375 0.15625 0.71875 0.14166666666666666
3 0.721875 0.06458333333333334 0.721875 0.13958333333333334 0.7375 0.15625 0.740625 0.175 0.7515625 0.17708333333333334 0.7765625 0.14375 0.7734375 0.07708333333333334 0.7640625 0.06041666666666667 0.7484375 0.05416666666666667 0.746875 0.041666666666666664
0 0.466890625 0.2906666666666667 0.11060937500000001 0.25266666666666665