1 0.1893125 0.8088958333333333 0.232421875 0.38220833333333337
1 0.7717031249999999 0.5345833333333334 0.1088125 0.22258333333333333
2 0.678234375 0.3295833333333333 0.018703125 0.07818750000000001
1 0.60365625 0.29914583333333333 0.068765625 0.15245833333333333
2 0.485859375 0.5796250000000001 0.029765625 0.12866666666666665
2 0.519625 0.4451458333333333 0.026484374999999998 0.10547916666666667
2 0.5015625 0.27708333333333335 0.5046875 0.27708333333333335 0.50625 0.2833333333333333 0.5109375 0.28958333333333336 0.5171875 0.28958333333333336 0.525 0.29583333333333334 0.528125 0.30625 0.5265625 0.32708333333333334 0.51875 0.3541666666666667 0.515625 0.35833333333333334 0.50625 0.3625 0.5 0.35 0.5015625 0.2791666666666667
2 0.69609375 0.15520833333333334 0.0140625 0.027083333333333334
2 0.6640625 0.26458333333333334 0.6609375 0.24375 0.6609375 0.22708333333333333 0.6640625 0.2125 0.6703125 0.20833333333333334 0.678125 0.2125 0.678125 0.24166666666666667 0.675 0.25833333333333336 0.671875 0.26458333333333334 0.66875 0.26666666666666666 0.665625 0.26458333333333334
2 0.86875 0.3854166666666667 0.8703125 0.425 0.865625 0.4375 0.859375 0.46875 0.8515625 0.46875 0.846875 0.4583333333333333 0.84375 0.40625 0.846875 0.4 0.846875 0.39375 0.8515625 0.3854166666666667 0.85625 0.38125 0.8671875 0.3854166666666667
2 0.715625 0.17916666666666667 0.7203125 0.18541666666666667 0.7203125 0.19583333333333333 0.7171875 0.2125 0.7125 0.21666666666666667 0.703125 0.2125 0.7015625 0.20833333333333334 0.7015625 0.18958333333333333 0.7078125 0.17708333333333334 0.7140625 0.17916666666666667
2 0.6171875 0.14583333333333334 0.6234375 0.15 0.6234375 0.16041666666666668 0.6203125 0.16666666666666666 0.6203125 0.17291666666666666 0.615625 0.18125 0.6078125 0.18125 0.603125 0.16666666666666666 0.6046875 0.15416666666666667 0.609375 0.14791666666666667 0.615625 0.14583333333333334
2 0.7875 0.8916666666666667 0.796875 0.8979166666666667 0.8015625 0.9125 0.8 0.9166666666666666 0.8 0.9645833333333333 0.7953125 0.9895833333333334 0.7890625 0.9979166666666667 0.7515625 0.9979166666666667 0.75 0.9958333333333333 0.75 0.9666666666666667 0.7484375 0.9645833333333333 0.75 0.9458333333333333 0.753125 0.9354166666666667 0.7515625 0.9145833333333333 0.7578125 0.9 0.7609375 0.8958333333333334 0.7671875 0.89375 0.7859375 0.8916666666666667
2 0.5984375 0.004166666666666667 0.6015625 0.014583333333333334 0.6015625 0.025 0.5984375 0.029166666666666667 0.59375 0.029166666666666667 0.5921875 0.025 0.5921875 0.0125 0.59375 0.00625 0.596875 0.004166666666666667
2 0.80625 0.27708333333333335 0.809375 0.275 0.8140625 0.27708333333333335 0.8140625 0.325 0.8109375 0.32916666666666666 0.80625 0.32708333333333334 0.803125 0.31666666666666665 0.80625 0.2791666666666667
2 0.828125 0.34791666666666665 0.83125 0.33958333333333335 0.8359375 0.33958333333333335 0.8421875 0.34375 0.85 0.34375 0.853125 0.3333333333333333 0.85625 0.33125 0.8578125 0.33958333333333335 0.853125 0.35 0.8484375 0.39375 0.84375 0.4041666666666667 0.840625 0.40625 0.834375 0.4041666666666667 0.8296875 0.35
2 0.6671875 0.17291666666666666 0.671875 0.17291666666666666 0.675 0.17916666666666667 0.675 0.19583333333333333 0.6671875 0.19791666666666666 0.665625 0.19583333333333333 0.665625 0.17708333333333334 0.6671875 0.175
1 0.5828125 0.5083333333333333 0.5515625 0.6604166666666667 0.5515625 0.675 0.559375 0.6854166666666667 0.5546875 0.7833333333333333 0.5671875 0.80625 0.6140625 0.8208333333333333 0.678125 0.8583333333333333 0.6875 0.7979166666666667 0.6890625 0.7222229166666666 0.6984375 0.6979166666666666 0.690625 0.6375 0.696875 0.5958333333333333 0.69375 0.525 0.6796875 0.5125 0.603125 0.4979166666666667 0.590625 0.4979166666666667
3 0.715625 0.26875 0.7109375 0.34791666666666665 0.721875 0.40625 0.7890625 0.41875 0.7953125 0.40625 0.8046875 0.33125 0.8015625 0.25 0.725 0.23125
