2 0.184828125 0.7950625 0.2229375 0.40987500000000004
2 0.626375 0.3140833333333333 0.07915625 0.1414375
2 0.45434374999999994 0.33560416666666665 0.0935 0.18839583333333335
3 0.9413125000000001 0.7013125 0.0371875 0.11958333333333333
2 0.6622656250000001 0.47731250000000003 0.11659375000000001 0.2051875
2 0.2224375 0.20547916666666666 0.095828125 0.15039583333333334
3 0.7592187499999999 0.4276041666666667 0.022921875 0.08149999999999999
3 0.8413281250000001 0.5463749999999999 0.02328125 0.098
3 0.8973437499999999 0.7273333333333334 0.029765625 0.1135625
3 0.7890625 0.26875 0.79375 0.27291666666666664 0.796875 0.28541666666666665 0.7953125 0.2875 0.79375 0.3145833333333333 0.7859375 0.325 0.7796875 0.31666666666666665 0.7765625 0.2833333333333333 0.778125 0.28125 0.778125 0.2708333333333333 0.7796875 0.26875 0.7875 0.26875
3 0.76875 0.20833333333333334 0.7734375 0.2125 0.7765625 0.22708333333333333 0.7734375 0.25625 0.7671875 0.25833333333333336 0.7609375 0.24583333333333332 0.7625 0.24375 0.7625 0.23333333333333334 0.7609375 0.23125 0.7625 0.21875 0.7671875 0.21041666666666667
3 0.590625 0.028125 0.0125 0.035416666666666666
3 0.70625 0.2 0.70625 0.21875 0.703125 0.23333333333333334 0.7 0.2375 0.6953125 0.2375 0.69375 0.22916666666666666 0.6953125 0.22708333333333333 0.6953125 0.20625 0.7 0.2 0.7046875 0.2
3 0.5953125 0.15416666666666667 0.6 0.15625 0.6046875 0.16458333333333333 0.6015625 0.18541666666666667 0.6015625 0.21875 0.5984375 0.22708333333333333 0.5953125 0.225 0.5890625 0.21041666666666667 0.590625 0.16875 0.5921875 0.16041666666666668 0.5953125 0.15625
3 0.834375 0.39375 0.8390625 0.40208333333333335 0.8375 0.4041666666666667 0.8375 0.425 0.834375 0.4354166666666667 0.834375 0.4479166666666667 0.83125 0.45416666666666666 0.83125 0.49166666666666664 0.8234375 0.5020833333333333 0.8203125 0.49583333333333335 0.8171875 0.49583333333333335 0.8140625 0.49166666666666664 0.8078125 0.45625 0.809375 0.45208333333333334 0.8078125 0.44166666666666665 0.809375 0.4395833333333333 0.809375 0.4270833333333333 0.8140625 0.41875 0.81875 0.3958333333333333 0.8234375 0.39166666666666666 0.83125 0.39166666666666666 0.8328125 0.39375
3 0.834375 0.29791666666666666 0.8375 0.3 0.840625 0.30833333333333335 0.840625 0.3333333333333333 0.834375 0.35625 0.8265625 0.35208333333333336 0.8203125 0.36041666666666666 0.8171875 0.3541666666666667 0.8171875 0.3375 0.815625 0.33541666666666664 0.815625 0.3229166666666667 0.8203125 0.30625 0.825 0.3020833333333333 0.8328125 0.3
3 0.309375 0.5375 0.3125 0.5416666666666666 0.3125 0.55 0.315625 0.55625 0.328125 0.5604166666666667 0.3421875 0.5604166666666667 0.3484375 0.5666666666666667 0.3484375 0.5770833333333333 0.35 0.5791666666666667 0.3484375 0.5979166666666667 0.3515625 0.6020833333333333 0.35 0.6041666666666666 0.3515625 0.60625 0.3515625 0.6270833333333333 0.346875 0.6291666666666667 0.346875 0.6395833333333333 0.3484375 0.6416666666666667 0.346875 0.6604166666666667 0.35 0.6645833333333333 0.3484375 0.6729166666666667 0.340625 0.675 0.33125 0.6854166666666667 0.325 0.6854166666666667 0.321875 0.6979166666666666 0.3171875 0.7020833333333333 0.3109375 0.6958333333333333 0.30625 0.6833333333333333 0.30625 0.66875 0.309375 0.6625 0.3078125 0.65625 0.3125 0.6458333333333334 0.3125 0.6145833333333334 0.3140625 0.6125 0.3140625 0.5729166666666666 0.30625 0.5625 0.3078125 0.55 0.3046875 0.5395833333333333 0.3078125 0.5375
3 0.55625 0.26458333333333334 0.5609375 0.2604166666666667 0.56875 0.2604166666666667 0.5734375 0.26666666666666666 0.5734375 0.27708333333333335 0.5671875 0.2916666666666667 0.5671875 0.3145833333333333 0.565625 0.31666666666666665 0.5640625 0.3375 0.5546875 0.35 0.546875 0.34791666666666665 0.5453125 0.29791666666666666 0.546875 0.2875 0.553125 0.27708333333333335 0.55625 0.26666666666666666
3 0.915625 0.46770833333333334 0.03125 0.09375
3 0.934375 0.53125 0.9515625 0.5375 0.9625 0.5375 0.965625 0.5416666666666666 0.9640625 0.6020833333333333 0.9625 0.6083333333333333 0.959375 0.6104166666666667 0.95625 0.60625 0.953125 0.6125 0.940625 0.6125 0.928125 0.61875 0.925 0.6041666666666666 0.928125 0.5833333333333334 0.93125 0.5770833333333333 0.93125 0.5604166666666667 0.934375 0.5520833333333334 0.934375 0.5333333333333333
3 0.76953125 0.225 0.0140625 0.029166666666666667
4 0.5953125 0.15833333333333333 0.59375 0.22291666666666668 0.6078125 0.24166666666666667 0.653125 0.25416666666666665 0.6703125 0.24791666666666667 0.678125 0.15833333333333333 0.684375 0.15 0.68125 0.09791666666666667 0.6203125 0.09375 0.60625 0.14166666666666666
2 0.6765625 0.675 0.6828125 0.69375 0.6765625 0.7520833333333333 0.6703125 0.7583333333333333 0.6765625 0.8541666666666666 0.690625 0.875 0.7921875 0.8875 0.8015625 0.9 0.8125 0.9 0.8203125 0.8875 0.828125 0.83125 0.828125 0.7729166666666667 0.81875 0.725 0.834375 0.7125 0.834375 0.7020833333333333 0.8203125 0.6875 0.796875 0.5791666666666667 0.7578125 0.5604166666666667 0.7265625 0.5625 0.696875 0.6145833333333334
2 0.503125 0.20833333333333334 0.5 0.2604166666666667 0.5078125 0.2875 0.54375 0.2833333333333333 0.5578125 0.25833333333333336 0.5671875 0.25416666666666665 0.571875 0.19375 0.5640625 0.17708333333333334 0.521875 0.16875