1 0.039328125000000005 0.2282708333333333 0.07864062499999999 0.116
2 0.8823124999999999 0.5034583333333333 0.03565625 0.08879166666666666
3 0.773796875 0.27441666666666664 0.10201562500000001 0.19614583333333335
3 0.54528125 0.16122916666666667 0.07485937499999999 0.16510416666666666
2 0.9374062500000001 0.432625 0.026203125 0.057958333333333334
2 0.3155625 0.5020416666666666 0.02325 0.065375
2 0.9480625 0.5167083333333333 0.03203125 0.08220833333333334
2 0.871703125 0.6367499999999999 0.025796875000000004 0.07891666666666668
2 0.255859375 0.6621041666666667 0.0234375 0.11066666666666666
2 0.354 0.421875 0.018546874999999997 0.046875
1 0.422359375 0.46158333333333335 0.1220625 0.3007708333333333
1 0.785640625 0.46158333333333335 0.09471874999999999 0.22004166666666666
2 0.79590625 0.6920625 0.029296875 0.053375
2 0.8671875 0.39127083333333335 0.01953125 0.056
2 0.55078125 0.3294375 0.01953125 0.052083333333333336
0 0.54528125 0.16122916666666667 0.07485937499999999 0.16510416666666666