1 0.40746874999999994 0.4049791666666666 0.11060937500000001 0.19493749999999999
3 0.5449375 0.695375 0.23975 0.6021875
1 0.786609375 0.4499583333333333 0.09081249999999999 0.18147916666666666
0 0.49275 0.2434375 0.0979375 0.17856249999999999
2 0.5960625 0.23208333333333334 0.01953125 0.06314583333333333
2 0.866796875 0.44931249999999995 0.018265625 0.06577083333333333
1 0.62528125 0.37285416666666665 0.088640625 0.10210416666666666
2 0.77915625 0.3151041666666667 0.029890624999999997 0.06431250000000001
2 0.70653125 0.41733333333333333 0.025062499999999998 0.09520833333333334
2 0.711359375 0.5491666666666667 0.025109375 0.11097916666666667
2 0.73175 0.31754166666666667 0.012796875 0.0601875
2 0.685546875 0.3578125 0.018953125 0.05508333333333334
2 0.868359375 0.48114583333333333 0.01834375 0.08731249999999999
3 0.1046875 0.6416666666666667 0.09375 0.7104166666666667 0.0765625 0.7333333333333333 0.0859375 0.7916666666666666 0.084375 0.9291666666666667 0.103125 0.95 0.1421875 0.96875 0.2328125 0.9895833333333334 0.2578125 0.9854166666666667 0.28125 0.9020833333333333 0.3109375 0.8375 0.3234375 0.8270833333333333 0.3265625 0.7958333333333333 0.321875 0.7854166666666667 0.340625 0.7458333333333333 0.3515625 0.6833333333333333 0.359375 0.5270833333333333 0.346875 0.5229166666666667 0.3234375 0.5375 0.2296875 0.51875 0.2234375 0.5291666666666667 0.2234375 0.5541666666666667 0.215625 0.5645833333333333 0.153125 0.5729166666666666 0.1296875 0.5979166666666667
1 0.928125 0.5770833333333333 0.921875 0.7104166666666667 0.9421875 0.7395833333333334 0.9640625 0.74375 0.9765625 0.8145833333333333 0.9875 0.8416666666666667 0.9984375 0.8479166666666667 0.9984375 0.5416666666666666 0.95 0.5333333333333333
2 0.7109375 0.6645833333333333 0.7046875 0.6645833333333333 0.7109375 0.7125 0.709375 0.7645833333333333 0.7234375 0.825 0.7515625 0.7333333333333333 0.7546875 0.68125 0.75 0.6833333333333333 0.7390625 0.6666666666666666
2 0.81875 0.6458333333333334 0.8171875 0.65625 0.8296875 0.6875 0.859375 0.6958333333333333 0.8640625 0.675 0.8515625 0.6375
2 0.8515625 0.5770833333333333 0.8515625 0.6270833333333333 0.8640625 0.64375 0.8625 0.65625 0.86875 0.6666666666666666 0.878125 0.63125 0.878125 0.58125 0.86875 0.5645833333333333 0.8578125 0.5645833333333333
2 0.921875 0.48125 0.91875 0.5395833333333333 0.93125 0.5625 0.9421875 0.5458333333333333 0.946875 0.48333333333333334 0.934375 0.475
2 0.8765625 0.4791666666666667 0.8765625 0.5666666666666667 0.884375 0.5875 0.8953125 0.5458333333333333 0.8984375 0.48125
2 0.9375 0.475 0.9453125 0.4791666666666667 0.946875 0.48333333333333334 0.9453125 0.48541666666666666 0.9453125 0.5208333333333334 0.94375 0.5229166666666667 0.9421875 0.5479166666666667 0.93125 0.5645833333333333 0.9265625 0.5625 0.925 0.5520833333333334 0.9203125 0.54375 0.9203125 0.525 0.9234375 0.5208333333333334 0.9234375 0.5104166666666666 0.921875 0.5083333333333333 0.9234375 0.49166666666666664 0.9203125 0.4875 0.9203125 0.48333333333333334 0.925 0.475 0.9359375 0.475
2 0.709375 0.6645833333333333 0.71875 0.6791666666666667 0.725 0.6791666666666667 0.7296875 0.6708333333333333 0.7375 0.66875 0.753125 0.6916666666666667 0.75 0.7375 0.74375 0.7583333333333333 0.734375 0.775 0.7359375 0.7854166666666667 0.7328125 0.7875 0.7234375 0.8041666666666667 0.7234375 0.8083333333333333 0.721875 0.8083333333333333 0.7109375 0.78125 0.7109375 0.7395833333333334 0.7140625 0.7291666666666666 0.715625 0.7 0.7109375 0.69375 0.709375 0.6854166666666667 0.7109375 0.675 0.70625 0.66875 0.7078125 0.6666666666666666
2 0.8265625 0.3145833333333333 0.83125 0.31666666666666665 0.8390625 0.34375 0.8390625 0.35625 0.8359375 0.36041666666666666 0.8265625 0.35625 0.8203125 0.34791666666666665 0.81875 0.3229166666666667 0.8203125 0.31666666666666665 0.825 0.3145833333333333
2 0.6953125 0.37916666666666665 0.715625 0.3854166666666667 0.7140625 0.4354166666666667 0.7109375 0.4395833333333333 0.70625 0.45625 0.6984375 0.46458333333333335 0.6953125 0.45416666666666666 0.696875 0.4479166666666667 0.6921875 0.44166666666666665 0.6921875 0.4354166666666667 0.6953125 0.43125 0.69375 0.42916666666666664 0.6953125 0.38125
2 0.846875 0.6354166666666666 0.8546875 0.6416666666666667 0.8578125 0.6604166666666667 0.8625 0.6708333333333333 0.8625 0.6854166666666667 0.8578125 0.6979166666666666 0.84375 0.6958333333333333 0.8390625 0.6916666666666667 0.8296875 0.6895833333333333 0.8171875 0.6729166666666667 0.8171875 0.6625 0.8140625 0.6541666666666667 0.815625 0.64375 0.8171875 0.6416666666666667 0.8375 0.6416666666666667 0.8453125 0.6354166666666666
2 0.784375 0.2833333333333333 0.7921875 0.2875 0.7953125 0.29375 0.79375 0.29791666666666666 0.79375 0.325 0.7953125 0.32708333333333334 0.79375 0.3416666666666667 0.7828125 0.33958333333333335 0.78125 0.32708333333333334 0.778125 0.32083333333333336 0.7765625 0.29375 0.778125 0.2875 0.7828125 0.2833333333333333
2 0.8625 0.42916666666666664 0.8734375 0.4375 0.8734375 0.45625 0.875 0.4583333333333333 0.8734375 0.4666666666666667 0.875 0.46875 0.871875 0.47708333333333336 0.8578125 0.4791666666666667 0.8546875 0.48333333333333334 0.853125 0.5041666666666667 0.8515625 0.5041666666666667 0.8515625 0.45625 0.8546875 0.4375 0.8609375 0.43125
2 0.428125 0.06666666666666667 0.4328125 0.06458333333333334 0.4390625 0.07083333333333333 0.4390625 0.09583333333333334 0.434375 0.10833333333333334 0.43125 0.11041666666666666 0.4265625 0.10625 0.425 0.09583333333333334 0.4265625 0.09166666666666666 0.425 0.08333333333333333 0.428125 0.06875
2 0.88125 0.47708333333333336 0.8828125 0.4791666666666667 0.8890625 0.47708333333333336 0.8984375 0.48125 0.89375 0.55625 0.8875 0.5666666666666667 0.8859375 0.5875 0.8828125 0.5895833333333333 0.8796875 0.5854166666666667 0.8765625 0.5666666666666667 0.878125 0.5645833333333333 0.8765625 0.55625 0.878125 0.48541666666666666 0.8765625 0.4791666666666667 0.8796875 0.47708333333333336
2 0.70625 0.5 0.7125 0.50625 0.728125 0.5041666666666667 0.7296875 0.5104166666666666 0.7265625 0.525 0.728125 0.5833333333333334 0.725 0.5958333333333333 0.7171875 0.6083333333333333 0.7140625 0.61875 0.709375 0.61875 0.70625 0.5916666666666667 0.7 0.5625 0.7015625 0.5020833333333333 0.7046875 0.5
2 0.715625 0.3 0.71875 0.30833333333333335 0.71875 0.3416666666666667 0.7109375 0.33958333333333335 0.7046875 0.3333333333333333 0.7046875 0.30625 0.709375 0.3 0.7140625 0.3
2 0.865625 0.5625 0.875 0.5666666666666667 0.878125 0.5854166666666667 0.875 0.65625 0.8734375 0.6583333333333333 0.8734375 0.66875 0.86875 0.6770833333333334 0.8609375 0.6666666666666666 0.8609375 0.6583333333333333 0.8578125 0.6541666666666667 0.85625 0.64375 0.8515625 0.6333333333333333 0.8515625 0.6166666666666667 0.85 0.6145833333333334 0.85 0.5916666666666667 0.8515625 0.5895833333333333 0.85 0.58125 0.853125 0.5666666666666667 0.8609375 0.5604166666666667 0.8640625 0.5625
2 0.678125 0.33125 0.6796875 0.33541666666666664 0.6921875 0.34375 0.6921875 0.38333333333333336 0.6859375 0.39791666666666664 0.6765625 0.39791666666666664 0.6734375 0.3625 0.675 0.36041666666666666 0.675 0.33958333333333335 0.678125 0.3333333333333333
2 0.603125 0.21041666666666667 0.6046875 0.2125 0.60625 0.24375 0.603125 0.25833333333333336 0.5953125 0.26458333333333334 0.5875 0.26458333333333334 0.5859375 0.2604166666666667 0.5859375 0.2125 0.5875 0.21041666666666667 0.6015625 0.21041666666666667
2 0.921875 0.8145833333333333 0.9296875 0.8166666666666667 0.9375 0.8270833333333333 0.9390625 0.8333333333333334 0.9484375 0.84375 0.9609375 0.84375 0.96875 0.8375 0.9734375 0.8375 0.9796875 0.8333333333333334 0.98125 0.8416666666666667 0.975 0.85 0.975 0.8541666666666666 0.9796875 0.86875 0.9796875 0.8895833333333333 0.9828125 0.9 0.9828125 0.925 0.9796875 0.9333333333333333 0.9796875 0.9479166666666666 0.9734375 0.9666666666666667 0.9734375 0.99375 0.971875 0.9979166666666667 0.9453125 0.99375 0.9390625 0.9854166666666667 0.9359375 0.9770833333333333 0.934375 0.9458333333333333 0.925 0.9375 0.921875 0.9291666666666667 0.9234375 0.925 0.921875 0.9229166666666667 0.9234375 0.9166666666666666 0.921875 0.9145833333333333 0.9234375 0.9125 0.921875 0.9 0.925 0.8895833333333333 0.9203125 0.875 0.921875 0.8166666666666667
2 0.7703125 0.3125 0.775 0.3229166666666667 0.775 0.3416666666666667 0.7765625 0.34375 0.7765625 0.34791666666666665 0.7703125 0.3541666666666667 0.7640625 0.3541666666666667 0.7625 0.3416666666666667 0.7578125 0.32708333333333334 0.7578125 0.31666666666666665 0.7609375 0.3125 0.76875 0.3125
2 0.7359375 0.28125 0.7421875 0.2916666666666667 0.7421875 0.32083333333333336 0.7375 0.34791666666666665 0.7296875 0.34791666666666665 0.7265625 0.34375 0.7265625 0.2916666666666667 0.728125 0.28541666666666665 0.734375 0.28125
