2 0.645546875 0.5025625 0.10815625 0.2614166666666667
3 0.180203125 0.19202083333333334 0.024890625 0.04152083333333333
4 0.39051562500000003 0.5327083333333333 0.21575000000000003 0.5792708333333334
3 0.737359375 0.818 0.03403125 0.08658333333333333
3 0.897484375 0.9554166666666667 0.04396875 0.08916666666666666
3 0.837296875 0.4589166666666667 0.0214375 0.07345833333333333
3 0.9396718749999999 0.559625 0.033109375 0.08293750000000001
3 0.119140625 0.7298125 0.03125 0.07683333333333334
3 0.8623125 0.44466666666666665 0.017578125 0.05339583333333333
3 0.879890625 0.37695833333333334 0.013671875 0.04558333333333333
3 0.8325156249999999 0.3268333333333333 0.028328125 0.052083333333333336
3 0.69434375 0.3112083333333333 0.021484375 0.0625
3 0.687015625 0.24870833333333334 0.014656250000000001 0.044270833333333336
3 0.83496875 0.8704375 0.0390625 0.13672916666666665
3 0.926765625 0.8417916666666667 0.02734375 0.09245833333333334
4 0.504390625 0.3919375 0.09081249999999999 0.2838541666666667
2 0.751953125 0.23241666666666666 0.052734375 0.12370833333333334
3 0.793453125 0.19727083333333334 0.014656250000000001 0.029958333333333333
3 0.953125 0.9713541666666666 0.033203125 0.057291666666666664