1 0.530765625 0.8609583333333333 0.17928125 0.2780833333333333
1 0.745609375 0.3979375 0.077796875 0.160125
1 0.238625 0.7560625000000001 0.18548437499999998 0.4248125
1 0.48240625000000004 0.29008333333333336 0.08771875 0.15483333333333332
2 0.840796875 0.4392916666666667 0.028328125 0.09097916666666667
2 0.887671875 0.6330208333333334 0.031468750000000004 0.11554166666666667
2 0.811671875 0.39847916666666666 0.018953125 0.059770833333333336
2 0.46165625 0.5075416666666667 0.02953125 0.10772916666666667
2 0.903234375 0.40470833333333334 0.015062500000000001 0.06720833333333333
2 0.835578125 0.3746041666666667 0.0170625 0.0428125
2 0.9460000000000001 0.6616875 0.026390625 0.09814583333333333
1 0.781046875 0.6186875000000001 0.11151562500000001 0.30408333333333337
2 0.9567500000000001 0.6011041666666667 0.021718750000000002 0.071375
1 0.8074375 0.9171250000000001 0.16804687499999998 0.16183333333333336
2 0.8651249999999999 0.35133333333333333 0.014687500000000001 0.044041666666666666
3 0.5140625 0.39375 0.5109375 0.4666666666666667 0.4984375 0.49166666666666664 0.503125 0.5333333333333333 0.5171875 0.5604166666666667 0.5109375 0.5916666666666667 0.5078125 0.6979166666666666 0.60625 0.7166666666666667 0.6125 0.7416666666666667 0.621875 0.7479166666666667 0.64375 0.6958333333333333 0.659375 0.63125 0.6734375 0.39375 0.646875 0.375 0.5984375 0.36875 0.58125 0.35833333333333334 0.53125 0.36041666666666666
1 0.6 0.26458333333333334 0.590625 0.35 0.6265625 0.3645833333333333 0.6546875 0.36666666666666664 0.66875 0.35833333333333334 0.6734375 0.35 0.671875 0.3125 0.68125 0.29583333333333334 0.68125 0.2791666666666667 0.6734375 0.2708333333333333 0.6640625 0.23541666666666666 0.6359375 0.21875 0.6203125 0.22291666666666668
1 0.6390625 0.20208333333333334 0.6375 0.21458333333333332 0.6671875 0.2375 0.6765625 0.275 0.6828125 0.27708333333333335 0.6890625 0.24166666666666667 0.6828125 0.2 0.6453125 0.19166666666666668
1 0.521875 0.15833333333333333 0.5140625 0.19375 0.515625 0.21875 0.5328125 0.22916666666666666 0.5640625 0.22916666666666666 0.571875 0.19791666666666666 0.565625 0.15833333333333333 0.553125 0.14375 0.5359375 0.14166666666666666 0.528125 0.14166666666666666
2 0.896875 0.7375 0.896875 0.84375 0.9140625 0.88125 0.9234375 0.8875 0.934375 0.8625 0.940625 0.8645833333333334 0.9375 0.8145833333333333 0.9484375 0.7520833333333333 0.9484375 0.7229166666666667 0.934375 0.675 0.9109375 0.6770833333333334
2 0.9796875 0.5208333333333334 0.978125 0.5770833333333333 0.984375 0.6229166666666667 0.990625 0.63125 0.9984375 0.6104166666666667 0.9984375 0.5229166666666667
1 0.7125 0.16041666666666668 0.7109375 0.2375 0.715625 0.24791666666666667 0.7265625 0.2604166666666667 0.7375 0.2604166666666667 0.7484375 0.23958333333333334 0.765625 0.24583333333333332 0.771875 0.23333333333333334 0.765625 0.15 0.7515625 0.13541666666666666 0.728125 0.13333333333333333 0.715625 0.14583333333333334
