1 0.231296875 0.767625 0.17585937499999998 0.3857291666666667
2 0.813515625 0.53375 0.03490625 0.10202083333333332
1 0.555171875 0.671125 0.135609375 0.36764583333333334
3 0.663890625 0.2562083333333333 0.07803125 0.21435416666666668
3 0.5071718749999999 0.247625 0.11384375 0.20800000000000002
1 0.9324843749999999 0.6102083333333332 0.131046875 0.29191666666666666
2 0.8091875 0.3413541666666667 0.025750000000000002 0.0731875
1 0.08590624999999999 0.19024999999999997 0.088453125 0.10060416666666666
0 0.36198437499999997 0.46825 0.18803125 0.33699999999999997
2 0.174390625 0.15147916666666666 0.016593749999999997 0.03679166666666667
2 0.84946875 0.44020833333333337 0.024328125 0.08264583333333334
2 0.8042031250000001 0.7825624999999999 0.06153125 0.16145833333333334
2 0.9086874999999999 0.415375 0.016609375000000003 0.0625
1 0.7373125 0.2604166666666667 0.060546875 0.11979166666666667
2 0.84375 0.3007916666666667 0.01953125 0.0625
2 0.776375 0.23502083333333335 0.025390625 0.0481875
2 0.797359375 0.20247916666666665 0.014656250000000001 0.040375
1 0.607421875 0.4570416666666667 0.091796875 0.19791666666666666
1 0.573734375 0.3007916666666667 0.022468750000000003 0.052083333333333336
