1 0.42756249999999996 0.4251666666666667 0.1035 0.23129166666666665
2 0.773921875 0.5633750000000001 0.02346875 0.08600000000000001
1 0.649390625 0.7090416666666666 0.1335 0.3533958333333333
1 0.6461875 0.3104166666666667 0.06890625 0.151125
2 0.5256875 0.25283333333333335 0.028390625000000003 0.10943750000000001
2 0.779203125 0.42241666666666666 0.020984375 0.07525
2 0.8678125 0.6730208333333334 0.03525 0.08427083333333334
2 0.044921875 0.9389791666666666 0.05142187499999999 0.11302083333333333
2 0.8602187499999999 0.803875 0.044484375 0.14479166666666668
2 0.5023125 0.5320625 0.029218749999999998 0.10364583333333334
2 0.76953125 0.7324166666666667 0.03515625 0.09766666666666667
2 0.307625 0.8847708333333333 0.044921875 0.11068750000000001
2 0.254390625 0.8053333333333333 0.041999999999999996 0.11850000000000001
2 0.566890625 0.23958333333333334 0.016609375000000003 0.0546875
2 0.755859375 0.3359375 0.0234375 0.0625
2 0.7295 0.3072916666666667 0.009765625 0.0546875
2 0.682625 0.19010416666666666 0.013671875 0.052083333333333336
2 0.041015625 0.3033958333333333 0.03515625 0.049479166666666664
2 0.94434375 0.925125 0.029296875 0.11850000000000001
2 0.872078125 0.5878958333333333 0.037109375 0.06902083333333334
