1 0.366546875 0.4789791666666667 0.13053125000000002 0.23572916666666668
1 0.747140625 0.45435416666666667 0.09440625 0.2189375
1 0.189359375 0.7835416666666667 0.24117187499999998 0.43291666666666667
2 0.455140625 0.5796041666666666 0.0246875 0.09808333333333333
2 0.8741406250000001 0.4315833333333333 0.020640625000000003 0.06677083333333332
1 0.49834375 0.22152083333333333 0.0809375 0.1484375
2 0.811359375 0.4321875 0.0206875 0.07304166666666667
2 0.8350625 0.51 0.0255625 0.10614583333333334
2 0.670703125 0.3937291666666667 0.0236875 0.08077083333333333
3 0.564453125 0.5533958333333333 0.111328125 0.3489583333333333
2 0.347171875 0.8294374999999999 0.03028125 0.13020833333333334
1 0.640625 0.234375 0.064453125 0.09895833333333333
2 0.825203125 0.34700000000000003 0.021484375 0.06120833333333333
2 0.8500937499999999 0.4479166666666667 0.00684375 0.049479166666666664
2 0.891609375 0.5924583333333333 0.025390625 0.06770833333333333
2 0.8715781249999999 0.6738333333333333 0.016609375000000003 0.07162500000000001
2 0.963875 0.6621041666666667 0.037109375 0.07422916666666667
2 0.9140625 0.8457083333333333 0.015625 0.08464583333333334
2 0.64453125 0.9108125 0.04296875 0.058604166666666666
2 0.469234375 0.34700000000000003 0.026375 0.06641666666666667
2 0.817390625 0.25195833333333334 0.060546875 0.07943750000000001
1 0.729 0.19335416666666666 0.043953124999999996 0.08464583333333334
0 0.801765625 0.8190208333333333 0.14453125 0.3619791666666667