2 0.3310625 0.6237083333333333 0.15234375 0.3020833333333333
2 0.421390625 0.4479166666666667 0.09081249999999999 0.20572916666666666
2 0.484859375 0.35481250000000003 0.08106250000000001 0.15235416666666665
2 0.572265625 0.8352916666666667 0.177734375 0.3268333333333333
2 0.853515625 0.8053333333333333 0.158203125 0.259125
3 0.8203125 0.609375 0.021484375 0.06510416666666667
4 0.648921875 0.45897916666666666 0.18848437499999998 0.5221458333333333
3 0.758796875 0.5507916666666667 0.044921875 0.09895833333333333
3 0.80371875 0.39258333333333334 0.029296875 0.06902083333333334
3 0.75 0.3854166666666667 0.01953125 0.0625
2 0.841796875 0.34831249999999997 0.08203125 0.12891666666666668