1 0.2433125 0.19845833333333335 0.093875 0.09829166666666667
1 0.3228125 0.5832083333333333 0.16665625 0.2920208333333333
3 0.688578125 0.45095833333333335 0.142421875 0.33227083333333335
1 0.84690625 0.7243541666666666 0.136578125 0.330875
1 0.562328125 0.16508333333333333 0.0631875 0.15695833333333334
1 0.643046875 0.7828958333333333 0.14475 0.3424791666666666
3 0.828640625 0.44808333333333333 0.11134375 0.2892708333333333
1 0.192 0.8359375 0.2535 0.328125
1 0.4426875 0.46791666666666665 0.127234375 0.24893749999999998
3 0.652671875 0.1991875 0.07698437500000001 0.14458333333333334
3 0.46446875 0.2780625 0.130046875 0.23635416666666667
2 0.578125 0.4708333333333333 0.58125 0.5104166666666666 0.5640625 0.59375 0.6015625 0.6083333333333333 0.6125 0.5375 0.6046875 0.48125 0.6109375 0.46458333333333335 0.6078125 0.43125 0.5953125 0.425 0.5875 0.43125
2 0.9046875 0.475 0.9046875 0.5333333333333333 0.9203125 0.5583333333333333 0.934375 0.47291666666666665 0.9140625 0.4583333333333333
1 0.615625 0.28125 0.590625 0.35208333333333336 0.578125 0.35625 0.5859375 0.390625 0.5859375 0.4270833333333333 0.59375 0.425 0.615625 0.45208333333333334 0.625 0.40625 0.6234375 0.29375
2 0.7125 0.16041666666666668 0.709375 0.21458333333333332 0.7203125 0.22083333333333333 0.725 0.17708333333333334
2 0.746875 0.16875 0.746875 0.20208333333333334 0.7578125 0.20416666666666666 0.7609375 0.16875 0.7578125 0.1625
2 0.353125 0.8416666666666667 0.3546875 0.8770833333333333 0.325 0.96875 0.3375 0.975 0.3484375 0.9979166666666667 0.396875 0.9979166666666667 0.4015625 0.9395833333333333 0.38125 0.8291666666666667 0.365625 0.8208333333333333
1 0.721875 0.26666666666666666 0.721875 0.2875 0.7375 0.3020833333333333 0.7484375 0.35208333333333336 0.7484375 0.425 0.7546875 0.4166666666666667 0.7625 0.32083333333333336 0.784375 0.29375 0.76875 0.2708333333333333
