3 0.42093749999999996 0.3955 0.185171875 0.38927083333333334
1 0.27240625 0.6565416666666667 0.189453125 0.39658333333333334
1 0.750859375 0.5819791666666667 0.124796875 0.29474999999999996
1 0.57021875 0.5175208333333333 0.125484375 0.2896458333333333
1 0.630421875 0.7208333333333333 0.12448437500000001 0.3310833333333333
2 0.652328125 0.37437499999999996 0.032296875 0.100375
1 0.5704687500000001 0.34341666666666665 0.0965 0.13195833333333334
1 0.6953125 0.39791666666666664 0.69375 0.4125 0.7078125 0.4354166666666667 0.7859375 0.4375 0.778125 0.42916666666666664 0.76875 0.3645833333333333 0.7578125 0.34375 0.7078125 0.33958333333333335
1 0.7 0.24791666666666667 0.696875 0.3020833333333333 0.725 0.2875 0.7515625 0.29791666666666666 0.7578125 0.3104166666666667 0.7640625 0.28125 0.7515625 0.25
1 0.6984375 0.19583333333333333 0.6984375 0.25625 0.721875 0.24375 0.7578125 0.24791666666666667 0.75 0.1875 0.7046875 0.18125
3 0.6171875 0.1625 0.6171875 0.19583333333333333 0.6296875 0.20833333333333334 0.6390625 0.25416666666666665 0.6640625 0.275 0.671875 0.25625 0.6765625 0.20625 0.671875 0.16666666666666666 0.6640625 0.15416666666666667 0.6328125 0.15
0 0.4859375 0.10208333333333333 0.484375 0.19583333333333333 0.515625 0.20416666666666666 0.5265625 0.2604166666666667 0.55 0.26458333333333334 0.5859375 0.15416666666666667 0.5859375 0.12291666666666666 0.5734375 0.06458333333333334 0.55625 0.04791666666666667 0.5234375 0.04791666666666667 0.4890625 0.08125
1 0.5796875 0.25833333333333336 0.5828125 0.2791666666666667 0.5984375 0.2833333333333333 0.6203125 0.30625 0.6265625 0.3645833333333333 0.64375 0.3229166666666667 0.6609375 0.325 0.6640625 0.30416666666666664 0.6484375 0.26458333333333334 0.621875 0.25625
2 0.7921875 0.20833333333333334 0.78125 0.2375 0.7890625 0.2875 0.8015625 0.28125 0.8046875 0.25625 0.7984375 0.21041666666666667
