1 0.581984375 0.8161875 0.16184375 0.36762500000000004
1 0.76128125 0.36912500000000004 0.067328125 0.1489791666666667
3 0.27128125000000003 0.5907083333333334 0.391671875 0.8185625000000001
2 0.80890625 0.29364583333333333 0.014765625 0.050374999999999996
1 0.629890625 0.5234375 0.09375 0.21354166666666666
2 0.4975625 0.668625 0.028328125 0.08725000000000001
1 0.861328125 0.7981874999999999 0.125 0.3203125
1 0.785640625 0.5625 0.09668750000000001 0.203125
2 0.95996875 0.9414166666666667 0.044921875 0.09114583333333333
2 0.9633749999999999 0.7994791666666666 0.032234374999999996 0.07552083333333333
2 0.966796875 0.6816458333333333 0.02734375 0.03777083333333333
2 0.8706093750000001 0.5586041666666667 0.022468750000000003 0.06510416666666667
2 0.51953125 0.40625 0.033203125 0.06770833333333333
2 0.53515625 0.5416666666666666 0.03125 0.07291666666666667
1 0.661625 0.3737083333333333 0.09082812500000001 0.11979166666666667
1 0.65625 0.28060416666666665 0.05859375 0.056
2 0.562984375 0.31706249999999997 0.012703125000000001 0.035166666666666666
2 0.530765625 0.321625 0.01075 0.036458333333333336
2 0.499515625 0.36002083333333335 0.01075 0.04558333333333333
2 0.8110312499999999 0.3723958333333333 0.012703125000000001 0.0390625
2 0.879890625 0.384125 0.01953125 0.041666666666666664
2 0.947265625 0.44335416666666666 0.01953125 0.040375
1 0.742671875 0.27539583333333334 0.049812499999999996 0.07683333333333334
