1 0.845578125 0.7146041666666666 0.14650000000000002 0.31310416666666663
1 0.617328125 0.6469374999999999 0.12164062499999999 0.28391666666666665
1 0.610359375 0.4486875 0.09659375 0.14354166666666668
1 0.739703125 0.28504166666666664 0.059640625 0.11022916666666666
2 0.942578125 0.9500416666666667 0.03225 0.09833333333333334
2 0.95921875 0.5601458333333333 0.022093750000000002 0.06383333333333334
2 0.924890625 0.5862291666666667 0.03721875 0.09427083333333333
2 0.72209375 0.565125 0.026765624999999998 0.11575
2 0.41965624999999995 0.7662916666666667 0.050187499999999996 0.19177083333333333
2 0.8848593749999999 0.43312500000000004 0.015234375 0.06283333333333334
2 0.52828125 0.39183333333333337 0.023046875 0.06914583333333332
1 0.79365625 0.38343750000000004 0.07173437499999999 0.11472916666666667
1 0.414546875 0.40429166666666666 0.08692187500000001 0.23047916666666665
2 0.479 0.5664166666666667 0.028328125 0.09635416666666667
1 0.3305625 0.5533958333333333 0.15917187500000002 0.3854166666666667
2 0.733890625 0.90625 0.043953124999999996 0.14322916666666666
2 0.7216875 0.7044374999999999 0.021484375 0.09114583333333333
2 0.697265625 0.44856250000000003 0.013671875 0.0638125
2 0.555171875 0.32616666666666666 0.012703125000000001 0.058604166666666666
2 0.461921875 0.237625 0.013671875 0.035166666666666666
1 0.8081093750000001 0.5045625 0.09864062500000001 0.13672916666666665
2 0.95996875 0.4609375 0.017578125 0.049479166666666664
2 0.86621875 0.45768749999999997 0.009765625 0.0481875
0 0.739703125 0.28504166666666664 0.059640625 0.11022916666666666