2 0.622203125 0.6822291666666668 0.13954687500000001 0.3563125
2 0.42028125000000005 0.466125 0.1351875 0.23204166666666665
2 0.617765625 0.461125 0.10725 0.12060416666666667
2 0.780734375 0.5235 0.09907812499999999 0.17270833333333335
2 0.7494375 0.3406041666666667 0.06715625 0.15064583333333334
2 0.286671875 0.69875 0.2075625 0.37245833333333334
2 0.299703125 0.27129166666666665 0.098328125 0.09479166666666666
3 0.8410624999999999 0.5191250000000001 0.021156249999999998 0.08954166666666666
3 0.0225625 0.9496041666666667 0.045125 0.09420833333333332
3 0.9254374999999999 0.7672291666666666 0.038015625 0.10791666666666666
0 0.07290624999999999 0.19022916666666667 0.14581249999999998 0.2538958333333333
3 0.83125 0.3625 0.8375 0.38125 0.8375 0.41041666666666665 0.834375 0.41458333333333336 0.825 0.4125 0.821875 0.4041666666666667 0.821875 0.3770833333333333 0.8203125 0.37083333333333335 0.825 0.3625 0.8296875 0.3625
3 0.8578125 0.4666666666666667 0.8578125 0.47291666666666665 0.8515625 0.4791666666666667 0.8515625 0.4875 0.8546875 0.49375 0.853125 0.51875 0.8578125 0.5291666666666667 0.8578125 0.5354166666666667 0.853125 0.5479166666666667 0.853125 0.56875 0.8515625 0.5708333333333333 0.840625 0.5645833333333333 0.8296875 0.49166666666666664 0.83125 0.4895833333333333 0.8484375 0.49166666666666664 0.8515625 0.4875 0.8484375 0.47708333333333336 0.85625 0.4666666666666667
3 0.8453125 0.9375 0.8546875 0.9479166666666666 0.8578125 0.9666666666666667 0.8609375 0.9708333333333333 0.8671875 0.9729166666666667 0.8703125 0.9833333333333333 0.8703125 0.9979166666666667 0.7890625 0.9979166666666667 0.79375 0.96875 0.8109375 0.9416666666666667 0.8171875 0.9375 0.84375 0.9375
3 0.4515625 0.7541666666666667 0.4625 0.7541666666666667 0.4765625 0.7770833333333333 0.4796875 0.7854166666666667 0.48125 0.8229166666666666 0.484375 0.83125 0.484375 0.8666666666666667 0.48125 0.8729166666666667 0.4625 0.8833333333333333 0.4453125 0.88125 0.4375 0.8729166666666667 0.43125 0.8458333333333333 0.43125 0.81875 0.4296875 0.8166666666666667 0.43125 0.8145833333333333 0.43125 0.7833333333333333 0.434375 0.775 0.4515625 0.75625
3 0.8625 0.5833333333333334 0.875 0.59375 0.8796875 0.59375 0.878125 0.6041666666666666 0.8796875 0.63125 0.878125 0.6333333333333333 0.859375 0.60625 0.85625 0.5895833333333333 0.8609375 0.5833333333333334
3 0.903125 0.6479166666666667 0.909375 0.6520833333333333 0.9109375 0.65625 0.9109375 0.7020833333333333 0.903125 0.7208333333333333 0.903125 0.73125 0.9 0.73125 0.896875 0.725 0.8953125 0.7 0.890625 0.6895833333333333 0.8859375 0.66875 0.8859375 0.65 0.89375 0.64375 0.8984375 0.64375 0.9015625 0.6479166666666667
3 0.8828125 0.35208333333333336 0.88125 0.3416666666666667 0.8875 0.33541666666666664 0.8875 0.32916666666666666 0.890625 0.325 0.90625 0.3229166666666667 0.909375 0.33541666666666664 0.909375 0.3625 0.9109375 0.3645833333333333 0.9109375 0.38125 0.9078125 0.38958333333333334 0.890625 0.38958333333333334 0.8859375 0.3854166666666667 0.88125 0.35833333333333334 0.8828125 0.3541666666666667
3 0.4984375 0.004166666666666667 0.503125 0.00625 0.50625 0.0125 0.5046875 0.03333333333333333 0.503125 0.035416666666666666 0.4953125 0.035416666666666666 0.4890625 0.027083333333333334 0.4890625 0.014583333333333334 0.49375 0.00625 0.496875 0.00625
3 0.775 0.38958333333333334 0.7796875 0.39791666666666664 0.7796875 0.41041666666666665 0.7828125 0.41875 0.7828125 0.4270833333333333 0.771875 0.4270833333333333 0.7625 0.42291666666666666 0.7640625 0.4 0.76875 0.38958333333333334 0.7734375 0.38958333333333334
3 0.9765625 0.85625 0.984375 0.8666666666666667 0.984375 0.8791666666666667 0.9890625 0.8833333333333333 0.9984375 0.8854166666666666 0.9984375 0.9958333333333333 0.99375 0.9979166666666667 0.9671875 0.9979166666666667 0.9625 0.99375 0.9640625 0.9875 0.9625 0.9291666666666667 0.9703125 0.91875 0.96875 0.8729166666666667 0.9703125 0.8645833333333334 0.975 0.8583333333333333
3 0.8734375 0.3125 0.021875 0.07083333333333333
3 0.1296875 0.7541666666666667 0.1328125 0.7583333333333333 0.1328125 0.7895833333333333 0.1296875 0.7979166666666667 0.125 0.8020833333333334 0.125 0.8354166666666667 0.11875 0.8791666666666667 0.115625 0.8833333333333333 0.1125 0.8645833333333334 0.1125 0.8458333333333333 0.115625 0.8416666666666667 0.115625 0.8041666666666667 0.1109375 0.7979166666666667 0.1015625 0.8 0.0921875 0.8125 0.0921875 0.8208333333333333 0.0984375 0.83125 0.0984375 0.8395833333333333 0.0953125 0.8395833333333333 0.0890625 0.85 0.0890625 0.8541666666666666 0.084375 0.85625 0.078125 0.8645833333333334 0.075 0.8833333333333333 0.075 0.8979166666666667 0.0703125 0.9041666666666667 0.0671875 0.89375 0.065625 0.8625 0.0609375 0.85 0.05625 0.84375 0.0546875 0.8354166666666667 0.05625 0.8125 0.059375 0.8083333333333333 0.0625 0.7958333333333333 0.0609375 0.7895833333333333 0.0546875 0.78125 0.053125 0.7729166666666667 0.0765625 0.7666666666666667 0.078125 0.75625 0.0921875 0.75625 0.1046875 0.7625 0.103125 0.7708333333333334 0.10625 0.775 0.1140625 0.7770833333333333 0.1125 0.7854166666666667 0.115625 0.7895833333333333 0.1203125 0.7895833333333333 0.1234375 0.7833333333333333 0.1171875 0.7770833333333333 0.121875 0.7729166666666667 0.1234375 0.7583333333333333 0.128125 0.7541666666666667
3 0.8125 0.3625 0.8171875 0.36666666666666664 0.821875 0.38333333333333336 0.821875 0.41041666666666665 0.8171875 0.41458333333333336 0.815625 0.4375 0.7984375 0.4354166666666667 0.7890625 0.43125 0.7890625 0.42291666666666666 0.7953125 0.40625 0.7953125 0.38958333333333334 0.803125 0.36666666666666664 0.80625 0.3625 0.8109375 0.3625
3 0.3265625 0.9416666666666667 0.3484375 0.96875 0.35625 0.9708333333333333 0.3609375 0.975 0.3625 0.99375 0.3578125 0.9979166666666667 0.290625 0.9979166666666667 0.2890625 0.9958333333333333 0.290625 0.9875 0.296875 0.9791666666666666 0.303125 0.9770833333333333 0.30625 0.9729166666666667 0.30625 0.9520833333333333 0.309375 0.94375 0.31875 0.9395833333333333 0.325 0.9416666666666667
3 0.015625 0.9229166666666667 0.0234375 0.9333333333333333 0.0578125 0.9375 0.0640625 0.94375 0.0671875 0.9541666666666667 0.0640625 0.99375 0.0578125 0.9979166666666667 0.0421875 0.9958333333333333 0.040625 0.99375 0.0125 0.9958333333333333 0 0.9916666666666667 0 0.925 0.0046875 0.9208333333333333 0.0125 0.9208333333333333 0.0140625 0.9229166666666667
3 0.521875 0.0125 0.525 0.016666666666666666 0.5234375 0.03125 0.521875 0.03333333333333333 0.5171875 0.03125 0.5171875 0.016666666666666666 0.5203125 0.014583333333333334
3 0.9140625 0.7166666666666667 0.921875 0.7229166666666667 0.9234375 0.7395833333333334 0.9296875 0.75 0.9296875 0.76875 0.93125 0.7708333333333334 0.9296875 0.775 0.934375 0.7979166666666667 0.9390625 0.8041666666666667 0.9515625 0.8 0.959375 0.8041666666666667 0.959375 0.8125 0.9625 0.8166666666666667 0.959375 0.8375 0.9484375 0.875 0.94375 0.8833333333333333 0.9390625 0.9166666666666666 0.93125 0.93125 0.9234375 0.9291666666666667 0.9234375 0.88125 0.9171875 0.85625 0.9171875 0.8458333333333333 0.9140625 0.8395833333333333 0.915625 0.8354166666666667 0.9125 0.8208333333333333 0.9125 0.8020833333333334 0.9140625 0.8 0.9125 0.7833333333333333 0.9140625 0.775 0.9109375 0.7645833333333333 0.9109375 0.7375 0.909375 0.7354166666666667 0.909375 0.71875 0.9125 0.7166666666666667
3 0.5984375 0.1875 0.6046875 0.18333333333333332 0.6171875 0.19791666666666666 0.6171875 0.225 0.6125 0.23958333333333334 0.609375 0.24375 0.60625 0.24375 0.596875 0.23333333333333334 0.596875 0.19375 0.5984375 0.18958333333333333
3 0.9 0.64375 0.903125 0.6479166666666667 0.90625 0.6479166666666667 0.9109375 0.65625 0.9109375 0.7020833333333333 0.9046875 0.7166666666666667 0.903125 0.73125 0.9 0.73125 0.9 0.7270833333333333 0.8953125 0.71875 0.896875 0.7166666666666667 0.8953125 0.7145833333333333 0.8953125 0.7041666666666667 0.890625 0.69375 0.8859375 0.6729166666666667 0.8859375 0.6520833333333333 0.884375 0.65 0.8875 0.6458333333333334 0.8984375 0.64375
3 0.10625 0.8854166666666666 0.1078125 0.9 0.1140625 0.9104166666666667 0.1125 0.9229166666666667 0.11875 0.9354166666666667 0.1203125 0.9479166666666666 0.1234375 0.9520833333333333 0.13125 0.9520833333333333 0.140625 0.95625 0.146875 0.9645833333333333 0.146875 0.9833333333333333 0.1421875 0.9979166666666667 0.121875 0.9979166666666667 0.1203125 0.9958333333333333 0.1203125 0.9833333333333333 0.115625 0.9770833333333333 0.1140625 0.9875 0.1171875 0.99375 0.1140625 0.9979166666666667 0.06875 0.9979166666666667 0.0640625 0.99375 0.0671875 0.9875 0.0671875 0.96875 0.06875 0.9666666666666667 0.06875 0.9541666666666667 0.065625 0.9395833333333333 0.065625 0.9208333333333333 0.06875 0.9166666666666666 0.0703125 0.9041666666666667 0.0734375 0.9041666666666667 0.078125 0.8958333333333334 0.078125 0.88125 0.0796875 0.8791666666666667 0.078125 0.8729166666666667 0.0859375 0.8583333333333333 0.0953125 0.8541666666666666 0.1015625 0.8645833333333334 0.1015625 0.8791666666666667 0.1046875 0.8854166666666666
2 0.459375 0.3125 0.45625 0.3416666666666667 0.4875 0.36875 0.490625 0.4625 0.5015625 0.4875 0.521875 0.4895833333333333 0.5296875 0.45416666666666666 0.54375 0.4354166666666667 0.5453125 0.3 0.5328125 0.2833333333333333 0.4875 0.2791666666666667 0.46875 0.2833333333333333
2 0.475 0.24375 0.465625 0.2708333333333333 0.4734375 0.2875 0.4921875 0.27708333333333335 0.5359375 0.28541666666666665 0.5359375 0.26458333333333334 0.5453125 0.24375 0.5328125 0.21458333333333332 0.5125 0.21041666666666667 0.4953125 0.21458333333333332
2 0.6171875 0.28958333333333336 0.6015625 0.35625 0.5953125 0.3625 0.5984375 0.37916666666666665 0.6015625 0.3854166666666667 0.63125 0.38333333333333336 0.6578125 0.3958333333333333 0.6671875 0.41041666666666665 0.68125 0.48541666666666666 0.6890625 0.41458333333333336 0.684375 0.2916666666666667 0.6625 0.27708333333333335 0.6328125 0.27291666666666664
2 0.621875 0.25416666666666665 0.621875 0.27291666666666664 0.6625 0.27708333333333335 0.6828125 0.28958333333333336 0.690625 0.30416666666666664 0.6796875 0.24375 0.64375 0.23541666666666666
2 0.634375 0.18125 0.61875 0.21458333333333332 0.6203125 0.25416666666666665 0.628125 0.2604166666666667 0.64375 0.23541666666666666 0.6765625 0.24166666666666667 0.6796875 0.22916666666666666 0.671875 0.1875 0.6484375 0.17708333333333334