2 0.779625 0.47875 0.076765625 0.1945
3 0.9755625 0.901375 0.048875 0.17327083333333335
3 0.8360625 0.47520833333333334 0.018687500000000003 0.07641666666666666
3 0.555515625 0.447125 0.0165 0.06325
0 0.0125 0.5208333333333334 0 0.5354166666666667 0 0.9979166666666667 0.2890625 0.9979166666666667 0.3453125 0.8895833333333333 0.3390625 0.8708333333333333 0.378125 0.7895833333333333 0.3953125 0.6979166666666666 0.4015625 0.6541666666666667 0.39375 0.625 0.4015625 0.6083333333333333 0.41875 0.4875 0.4125 0.4270833333333333 0.4125 0.30625 0.3796875 0.2875 0.334375 0.2791666666666667 0.2609375 0.2791666666666667 0.21875 0.3125 0.1203125 0.42083333333333334
0 0.4078125 0.2604166666666667 0.409375 0.2708333333333333 0.453125 0.27708333333333335 0.4640625 0.28958333333333336 0.46875 0.3645833333333333 0.4640625 0.41041666666666665 0.465625 0.4166666666666667 0.4796875 0.41458333333333336 0.4953125 0.3770833333333333 0.5046875 0.325 0.5078125 0.275 0.5015625 0.2 0.45 0.18541666666666667 0.425 0.2125
0 0.3890625 0.28125 0.3859375 0.2875 0.4140625 0.30416666666666664 0.4171875 0.31666666666666665 0.4140625 0.41875 0.421875 0.5083333333333333 0.43125 0.5145833333333333 0.44375 0.4666666666666667 0.459375 0.44166666666666665 0.465625 0.40625 0.46875 0.3333333333333333 0.4640625 0.29375 0.45 0.27708333333333335 0.4 0.2708333333333333
0 0.4875 0.16875 0.4859375 0.1875 0.503125 0.19791666666666666 0.5078125 0.21875 0.5078125 0.31666666666666665 0.5421875 0.32916666666666666 0.5578125 0.2833333333333333 0.559375 0.2604166666666667 0.5546875 0.22291666666666668 0.5609375 0.19583333333333333 0.553125 0.125 0.534375 0.11458333333333333
4 0.5828125 0.25833333333333336 0.578125 0.3854166666666667 0.584375 0.4791666666666667 0.603125 0.4979166666666667 0.6828125 0.51875 0.6890625 0.46458333333333335 0.7 0.43125 0.6953125 0.3645833333333333 0.7015625 0.2125 0.6921875 0.20416666666666666 0.6921875 0.15208333333333332 0.65625 0.125 0.65 0.13958333333333334 0.6125 0.15833333333333333
2 0.5515625 0.6395833333333333 0.553125 0.6854166666666667 0.534375 0.74375 0.5390625 0.78125 0.55625 0.7979166666666667 0.571875 0.7854166666666667 0.59375 0.7916666666666666 0.6671875 0.875 0.6671875 0.9 0.675 0.9 0.684375 0.8770833333333333 0.6953125 0.7145833333333333 0.7109375 0.68125 0.7 0.6583333333333333 0.6984375 0.5979166666666667 0.6828125 0.525 0.6375 0.5145833333333333 0.5953125 0.51875
2 0.4859375 0.9729166666666667 0.484375 0.99375 0.4890625 0.9979166666666667 0.6671875 0.9979166666666667 0.671875 0.9270833333333334 0.665625 0.8791666666666667 0.6734375 0.8583333333333333 0.6609375 0.84375 0.6546875 0.8458333333333333 0.634375 0.8166666666666667 0.6359375 0.79375 0.6109375 0.79375 0.6046875 0.7833333333333333 0.6046875 0.7958333333333333 0.5828125 0.8083333333333333 0.546875 0.80625 0.5390625 0.7916666666666666 0.528125 0.80625 0.5171875 0.8416666666666667 0.5 0.93125
2 0.775 0.88125 0.7734375 0.9541666666666667 0.778125 0.9833333333333333 0.7875 0.9979166666666667 0.959375 0.9958333333333333 0.9453125 0.8645833333333334 0.9046875 0.7229166666666667 0.865625 0.7083333333333334 0.815625 0.7083333333333334 0.803125 0.7270833333333333 0.790625 0.76875 0.7859375 0.85
2 0.765625 0.6291666666666667 0.765625 0.6604166666666667 0.78125 0.7375 0.7890625 0.75 0.8046875 0.7145833333333333 0.8171875 0.7020833333333333 0.8765625 0.70625 0.9109375 0.725 0.9 0.6625 0.9109375 0.63125 0.896875 0.6125 0.8890625 0.5770833333333333 0.875 0.55 0.846875 0.5125 0.8 0.5104166666666666 0.7921875 0.5208333333333334 0.778125 0.55
2 0.7296875 0.34375 0.728125 0.42083333333333334 0.73125 0.39791666666666664 0.75 0.36666666666666664 0.803125 0.3770833333333333 0.8015625 0.33958333333333335 0.7890625 0.30625 0.75 0.3020833333333333
2 0.7140625 0.23125 0.715625 0.3645833333333333 0.7265625 0.3729166666666667 0.740625 0.30833333333333335 0.7546875 0.3 0.7859375 0.3020833333333333 0.7875 0.29583333333333334 0.7765625 0.25416666666666665 0.765625 0.2375 0.71875 0.21458333333333332
3 0.790625 0.22916666666666666 0.7953125 0.22916666666666666 0.7984375 0.23333333333333334 0.8015625 0.24791666666666667 0.8 0.26666666666666666 0.7921875 0.26875 0.7890625 0.26458333333333334 0.7875 0.2604166666666667 0.7875 0.23958333333333334 0.790625 0.23125
3 0.825 0.4270833333333333 0.840625 0.425 0.8484375 0.43125 0.846875 0.4375 0.846875 0.5020833333333333 0.8453125 0.5083333333333333 0.834375 0.5083333333333333 0.8296875 0.5041666666666667 0.828125 0.49583333333333335 0.825 0.42916666666666664
3 0.5453125 0.4125 0.553125 0.41041666666666665 0.559375 0.41458333333333336 0.559375 0.42083333333333334 0.5640625 0.42916666666666664 0.5640625 0.45208333333333334 0.56875 0.45625 0.5671875 0.46041666666666664 0.5671875 0.48333333333333334 0.5640625 0.4895833333333333 0.5609375 0.5125 0.55625 0.5208333333333334 0.55 0.5208333333333334 0.546875 0.5166666666666667 0.5375 0.4875 0.5421875 0.4625 0.540625 0.4354166666666667 0.5453125 0.42083333333333334 0.5453125 0.41458333333333336
3 0.8234375 0.20625 0.01875 0.04583333333333333
3 0.9859375 0.8291666666666667 0.9921875 0.8375 0.9921875 0.8770833333333333 0.99375 0.8791666666666667 0.9921875 0.8895833333333333 0.9796875 0.925 0.9796875 0.9604166666666667 0.98125 0.9666666666666667 0.978125 0.975 0.9765625 0.99375 0.9703125 0.99375 0.9703125 0.9895833333333334 0.965625 0.9833333333333333 0.965625 0.9770833333333333 0.959375 0.95625 0.95625 0.9104166666666667 0.9546875 0.9 0.9515625 0.89375 0.95 0.8729166666666667 0.9484375 0.8708333333333333 0.9484375 0.8375 0.953125 0.8354166666666667 0.9609375 0.8229166666666666 0.98125 0.8229166666666666 0.984375 0.8291666666666667
3 0.5671875 0.30833333333333335 0.56875 0.3104166666666667 0.5796875 0.3104166666666667 0.5828125 0.3145833333333333 0.5796875 0.38333333333333336 0.5703125 0.38333333333333336 0.56875 0.37916666666666665 0.56875 0.36041666666666666 0.5640625 0.34791666666666665 0.5671875 0.3333333333333333 0.5640625 0.31666666666666665 0.5640625 0.3104166666666667 0.565625 0.3104166666666667
3 0.36875 0.85 0.36875 0.8541666666666666 0.371875 0.8583333333333333 0.371875 0.8666666666666667 0.3671875 0.88125 0.3671875 0.89375 0.3796875 0.9083333333333333 0.396875 0.9166666666666666 0.4015625 0.9270833333333334 0.4 0.93125 0.4015625 0.9333333333333333 0.4015625 0.94375 0.4203125 0.96875 0.41875 0.9791666666666666 0.4203125 0.9916666666666667 0.4140625 0.9979166666666667 0.4109375 0.9958333333333333 0.4078125 0.9979166666666667 0.4015625 0.9958333333333333 0.4 0.9979166666666667 0.3921875 0.99375 0.3734375 0.99375 0.3671875 0.9979166666666667 0.3359375 0.9979166666666667 0.3234375 0.99375 0.3265625 0.9770833333333333 0.334375 0.9645833333333333 0.334375 0.95625 0.3375 0.9479166666666666 0.3375 0.9354166666666667 0.3421875 0.9208333333333333 0.3453125 0.8958333333333334 0.3484375 0.8895833333333333 0.3515625 0.8729166666666667 0.3515625 0.8604166666666667 0.3671875 0.85
3 0.4625 0.8229166666666666 0.4765625 0.8208333333333333 0.4875 0.8270833333333333 0.4921875 0.8333333333333334 0.490625 0.8604166666666667 0.4921875 0.8625 0.4921875 0.8916666666666667 0.49375 0.89375 0.4921875 0.9 0.49375 0.9020833333333333 0.4921875 0.93125 0.4734375 0.9666666666666667 0.4671875 0.9979166666666667 0.4578125 0.9979166666666667 0.4578125 0.9854166666666667 0.45625 0.9833333333333333 0.4578125 0.98125 0.4578125 0.9479166666666666 0.4515625 0.93125 0.4515625 0.9020833333333333 0.45625 0.875 0.45625 0.85625 0.4578125 0.8541666666666666 0.45625 0.8479166666666667 0.4625 0.825
3 0.8421875 0.35 0.84375 0.35208333333333336 0.8515625 0.35 0.8546875 0.36041666666666666 0.8546875 0.38125 0.859375 0.3958333333333333 0.859375 0.41875 0.8609375 0.42083333333333334 0.859375 0.44166666666666665 0.8578125 0.44375 0.8515625 0.44166666666666665 0.85 0.42083333333333334 0.84375 0.4 0.8421875 0.38333333333333336 0.8375 0.3729166666666667 0.8328125 0.36875 0.8328125 0.35833333333333334 0.83125 0.35625 0.8328125 0.35 0.834375 0.34791666666666665 0.840625 0.35
3 0.5421875 0.5333333333333333 0.55625 0.5416666666666666 0.5671875 0.55625 0.5734375 0.5729166666666666 0.5671875 0.5916666666666667 0.5640625 0.59375 0.559375 0.61875 0.5546875 0.6229166666666667 0.553125 0.63125 0.5453125 0.6291666666666667 0.5421875 0.625 0.5421875 0.61875 0.5390625 0.6125 0.5359375 0.6104166666666667 0.53125 0.6125 0.5328125 0.6083333333333333 0.53125 0.6041666666666666 0.5328125 0.5729166666666666 0.5421875 0.5583333333333333 0.5421875 0.5541666666666667 0.5359375 0.5416666666666666 0.5359375 0.5333333333333333 0.5375 0.53125 0.540625 0.5333333333333333
3 0.940625 0.7520833333333333 0.9484375 0.75625 0.9515625 0.7625 0.9515625 0.7875 0.953125 0.7895833333333333 0.9515625 0.8104166666666667 0.9484375 0.8166666666666667 0.9484375 0.8270833333333333 0.9421875 0.8333333333333334 0.9390625 0.8333333333333334 0.9375 0.8291666666666667 0.9203125 0.7645833333333333 0.9203125 0.7541666666666667 0.921875 0.7520833333333333 0.9390625 0.7520833333333333
3 0.884375 0.4895833333333333 0.89375 0.49583333333333335 0.89375 0.5020833333333333 0.8859375 0.5291666666666667 0.8875 0.53125 0.8875 0.55 0.8890625 0.5520833333333334 0.8890625 0.56875 0.8875 0.5708333333333333 0.88125 0.5645833333333333 0.86875 0.5291666666666667 0.8546875 0.5125 0.8546875 0.5083333333333333 0.865625 0.5104166666666666 0.8703125 0.5020833333333333 0.878125 0.5020833333333333 0.884375 0.49166666666666664
3 0.171875 0.19583333333333333 0.175 0.19791666666666666 0.1765625 0.20416666666666666 0.1765625 0.22083333333333333 0.1703125 0.22916666666666666 0.1640625 0.23125 0.1609375 0.23125 0.1578125 0.22708333333333333 0.1578125 0.20208333333333334 0.1640625 0.19375 0.1703125 0.19583333333333333
3 0.8421875 0.246875 0.021875 0.05625