2 0.323734375 0.6048125 0.17479687500000002 0.3606666666666667
2 0.479984375 0.49154166666666665 0.11034375 0.209625
2 0.43896875 0.3385416666666667 0.09081249999999999 0.15364583333333334
2 0.651859375 0.643875 0.15723437499999998 0.3138125
2 0.865234375 0.8033958333333333 0.173828125 0.3411458333333333
2 0.8207968749999999 0.5794374999999999 0.12596875000000002 0.1875
2 0.77196875 0.4179791666666667 0.09473437500000001 0.16927083333333334
3 0.841796875 0.40560416666666665 0.01953125 0.10547916666666667
4 0.666015625 0.22070833333333334 0.08203125 0.21745833333333334
2 0.62353125 0.31445833333333334 0.08301562500000001 0.08204166666666667
2 0.63525 0.42643749999999997 0.110359375 0.12370833333333334
4 0.54834375 0.20704166666666665 0.06543750000000001 0.1640625
2 0.4819375 0.2539166666666667 0.06934375000000001 0.1171875
3 0.05371875 0.21225 0.099609375 0.1015625