1 0.7885156249999999 0.6319374999999999 0.12798437499999998 0.30497916666666663
1 0.462328125 0.36952083333333335 0.086171875 0.16910416666666667
1 0.62909375 0.35225 0.08201562500000001 0.140375
2 0.189046875 0.8753958333333334 0.05715625 0.1541875
2 0.8635624999999999 0.5694166666666667 0.027359375000000002 0.09329166666666668
2 0.8552500000000001 0.4735625 0.02346875 0.105
2 0.9213281249999999 0.646625 0.02859375 0.11985416666666666
0 0.758015625 0.35870833333333335 0.07525 0.19689583333333335
1 0.61165625 0.5488541666666666 0.11046875 0.2801458333333333
2 0.9065937500000001 0.5462708333333333 0.02025 0.09566666666666666
2 0.9296875 0.5104166666666666 0.928125 0.54375 0.9375 0.59375 0.9453125 0.60625 0.9578125 0.5479166666666667 0.9546875 0.5041666666666667 0.94375 0.4979166666666667
2 0.3203125 0.8645833333333334 0.315625 0.9104166666666667 0.3328125 0.9520833333333333 0.33125 0.9979166666666667 0.371875 0.9979166666666667 0.3703125 0.9458333333333333 0.3828125 0.8791666666666667 0.38125 0.8375 0.3796875 0.81875 0.365625 0.80625 0.359375 0.775 0.34375 0.7895833333333333
2 0.06875 0.8770833333333333 0.0703125 0.95625 0.0640625 0.9708333333333333 0.06875 0.9979166666666667 0.1125 0.9979166666666667 0.1171875 0.9833333333333333 0.1109375 0.975 0.10625 0.9354166666666667 0.10625 0.8854166666666666 0.0953125 0.86875
1 0.6984375 0.25 0.6984375 0.2708333333333333 0.7109375 0.29583333333333334 0.721875 0.2875 0.7234375 0.2708333333333333 0.7515625 0.2604166666666667 0.7578125 0.24583333333333332 0.7375 0.19166666666666668 0.73125 0.19166666666666668 0.7296875 0.20208333333333334 0.709375 0.20625
1 0.625 0.21666666666666667 0.61875 0.24166666666666667 0.609375 0.25 0.6171875 0.25833333333333336 0.615625 0.28125 0.66875 0.30416666666666664 0.671875 0.2708333333333333 0.678125 0.26875 0.671875 0.20833333333333334 0.6328125 0.20208333333333334
3 0.4859375 0.23333333333333334 0.484375 0.2520833333333333 0.5 0.2791666666666667 0.51875 0.34791666666666665 0.5546875 0.36041666666666666 0.56875 0.3229166666666667 0.575 0.27708333333333335 0.5734375 0.20625 0.5671875 0.18541666666666667 0.5484375 0.1875 0.5421875 0.2 0.5125 0.1875
3 0.621875 0.17083333333333334 0.61875 0.23333333333333334 0.63125 0.20625 0.65625 0.20208333333333334 0.671875 0.20833333333333334 0.6796875 0.20208333333333334 0.671875 0.16041666666666668 0.6546875 0.14791666666666667 0.6328125 0.14791666666666667
2 0.909375 0.7291666666666666 0.8984375 0.8166666666666667 0.909375 0.8833333333333333 0.9171875 0.9 0.925 0.9 0.9390625 0.8604166666666667 0.9484375 0.7770833333333333 0.9421875 0.7479166666666667 0.9125 0.7229166666666667
2 0.815625 0.3541666666666667 0.809375 0.41041666666666665 0.8125 0.44583333333333336 0.8234375 0.4666666666666667 0.8390625 0.4479166666666667 0.8421875 0.37916666666666665 0.85625 0.34375 0.840625 0.32916666666666666 0.81875 0.33958333333333335
2 0.803125 0.31875 0.8 0.34375 0.8078125 0.3645833333333333 0.8203125 0.35 0.821875 0.32916666666666666 0.8140625 0.3145833333333333 0.80625 0.3104166666666667
2 0.159375 0.15833333333333333 0.1625 0.19166666666666668 0.1515625 0.21666666666666667 0.15625 0.22291666666666668 0.1546875 0.24375 0.165625 0.24375 0.1828125 0.23333333333333334 0.184375 0.19166666666666668 0.1734375 0.15208333333333332
2 0.0140625 0.23958333333333334 0.0125 0.30625 0.0390625 0.29791666666666666 0.0421875 0.2520833333333333 0.0296875 0.2 0.021875 0.20208333333333334
