1 0.197 0.8355208333333334 0.257515625 0.3289375
1 0.35465625 0.6088541666666667 0.1658125 0.3112291666666666
1 0.76090625 0.3123333333333333 0.066453125 0.16245833333333334
3 0.393171875 0.3662916666666666 0.16893750000000002 0.28070833333333334
1 0.765625 0.48125 0.7640625 0.5604166666666667 0.75625 0.6083333333333333 0.778125 0.6791666666666667 0.7875 0.63125 0.790625 0.5541666666666667 0.8015625 0.5416666666666666 0.8375 0.55 0.8515625 0.55 0.8515625 0.5416666666666666 0.83125 0.47291666666666665 0.7765625 0.4625
1 0.7640625 0.39791666666666664 0.7609375 0.4666666666666667 0.7921875 0.46041666666666664 0.8328125 0.47291666666666665 0.853125 0.525 0.8453125 0.41041666666666665 0.815625 0.3958333333333333
2 0.8515625 0.4083333333333333 0.8546875 0.4895833333333333 0.86875 0.5125 0.8875 0.475 0.890625 0.42291666666666666 0.871875 0.38125 0.8640625 0.38333333333333336
2 0.828125 0.3729166666666667 0.825 0.3958333333333333 0.8421875 0.40625 0.8453125 0.38958333333333334 0.8390625 0.36875 0.834375 0.3645833333333333
2 0.80625 0.28958333333333336 0.8 0.3229166666666667 0.8109375 0.34375 0.81875 0.34375 0.821875 0.3145833333333333 0.8140625 0.28541666666666665
2 0.8390625 0.27291666666666664 0.8390625 0.2916666666666667 0.8484375 0.30833333333333335 0.853125 0.28541666666666665 0.846875 0.2708333333333333
3 0.515625 0.5541666666666667 0.515625 0.5916666666666667 0.5328125 0.6104166666666667 0.528125 0.6166666666666667 0.5296875 0.6625 0.5203125 0.7333333333333333 0.5234375 0.80625 0.534375 0.8395833333333333 0.6984375 0.8958333333333334 0.7109375 0.8875 0.7203125 0.825 0.7359375 0.775 0.7390625 0.7041666666666667 0.746875 0.6916666666666667 0.7625 0.6895833333333333 0.76875 0.66875 0.7671875 0.6458333333333334 0.7484375 0.6298604166666667 0.7453125 0.5625 0.753125 0.5416666666666666 0.7546875 0.46041666666666664 0.7609375 0.43333333333333335 0.75625 0.41041666666666665 0.6921875 0.38333333333333336 0.684375 0.38958333333333334 0.6390625 0.3770833333333333 0.5828125 0.34791666666666665 0.578125 0.3333333333333333 0.575 0.3541666666666667 0.55 0.36666666666666664 0.540625 0.5270833333333333
3 0.515625 0.5541666666666667 0.515625 0.5916666666666667 0.5203125 0.6 0.5328125 0.6 0.5390625 0.6145833333333334 0.5296875 0.6416666666666667 0.525 0.7375 0.525 0.7854166666666667 0.534375 0.8333333333333334 0.6046875 0.8583333333333333 0.6625 0.8645833333333334 0.6921875 0.8875 0.709375 0.8875 0.7265625 0.7916666666666666 0.734375 0.7791666666666667 0.7375 0.7 0.7609375 0.6854166666666667 0.76875 0.6666666666666666 0.765625 0.6479166666666667 0.753125 0.6458333333333334 0.7453125 0.6291666666666667 0.7453125 0.5625 0.759375 0.42083333333333334 0.75625 0.41041666666666665 0.7296875 0.39166666666666666 0.728125 0.35625 0.7078125 0.2791666666666667 0.625 0.25 0.596875 0.2520833333333333 0.5875 0.2604166666666667 0.5609375 0.36041666666666666 0.5484375 0.3729166666666667 0.540625 0.52625
1 0.475 0.32083333333333336 0.471875 0.42916666666666664 0.515625 0.44166666666666665 0.5359375 0.38125 0.534375 0.3104166666666667 0.528125 0.2916666666666667 0.5109375 0.27708333333333335 0.4796875 0.27708333333333335
2 0.5 0.18333333333333332 0.4890625 0.20208333333333334 0.4984375 0.2125 0.5140625 0.21458333333333332 0.53125 0.23541666666666666 0.5359375 0.28958333333333336 0.5671875 0.3 0.5703125 0.20625 0.5546875 0.17083333333333334 0.5171875 0.1625
1 0.4703125 0.22708333333333333 0.4671875 0.23541666666666666 0.478125 0.24375 0.478125 0.275 0.509375 0.275 0.5328125 0.3020833333333333 0.5359375 0.26666666666666666 0.5265625 0.22083333333333333 0.48125 0.21458333333333332
