4 0.648828125 0.6152291666666667 0.18521875000000002 0.5028958333333333
2 0.80165625 0.47889583333333335 0.09884375 0.21918749999999998
3 0.081 0.9251041666666667 0.036765625 0.07012499999999999
2 0.2966875 0.60375 0.16398437500000002 0.33379166666666665
3 0.27621875 0.8671875 0.03496875 0.11291666666666668
3 0.9560000000000001 0.7033333333333334 0.0314375 0.09564583333333333
3 0.486921875 0.8496666666666666 0.023 0.07341666666666667
0 0.3828125 0.275 0.3765625 0.3229166666666667 0.3859375 0.3770833333333333 0.3828125 0.46875 0.3953125 0.5104166666666666 0.4109375 0.525 0.4390625 0.5354166666666667 0.4671875 0.5333333333333333 0.4984375 0.5520833333333334 0.5390625 0.4166666666666667 0.5515625 0.2708333333333333 0.5515625 0.15 0.53125 0.13333333333333333 0.4640625 0.13333333333333333 0.396875 0.20625
0 0.7140625 0.19583333333333333 0.7140625 0.23333333333333334 0.70625 0.24583333333333332 0.7578125 0.26666666666666666 0.7796875 0.2604166666666667 0.7609375 0.19583333333333333 0.725 0.1875
2 0.740625 0.3333333333333333 0.7359375 0.36875 0.74375 0.42291666666666666 0.75 0.41875 0.7578125 0.37083333333333335 0.8046875 0.3625 0.803125 0.34791666666666665 0.790625 0.32916666666666666 0.746875 0.3229166666666667
3 0.8703125 0.4666666666666667 0.865625 0.47291666666666665 0.865625 0.5291666666666667 0.871875 0.5625 0.8796875 0.5666666666666667 0.89375 0.4895833333333333 0.890625 0.46875
3 0.515625 0.5583333333333333 0.5234375 0.5770833333333333 0.5125 0.6770833333333334 0.515625 0.7125 0.5265625 0.7333333333333333 0.546875 0.6895833333333333 0.55625 0.50625 0.5359375 0.5020833333333333 0.5359375 0.54375 0.5265625 0.5583333333333333
3 0.05 0.2833333333333333 0.04375 0.33958333333333335 0.0515625 0.375 0.078125 0.39375 0.0796875 0.32708333333333334 0.0609375 0.2833333333333333
3 0.1015625 0.26458333333333334 0.1 0.34791666666666665 0.1078125 0.35 0.13125 0.3375 0.134375 0.27708333333333335 0.11875 0.23333333333333334 0.1078125 0.2375
3 0.165625 0.2604166666666667 0.1625 0.32083333333333336 0.1703125 0.33125 0.1953125 0.31875 0.1984375 0.30833333333333335 0.1953125 0.23958333333333334 0.178125 0.21666666666666667 0.171875 0.22291666666666668
3 0.0734375 0.225 0.0671875 0.25833333333333336 0.0734375 0.2833333333333333 0.0671875 0.29583333333333334 0.0703125 0.30833333333333335 0.078125 0.3104166666666667 0.096875 0.2916666666666667 0.096875 0.2708333333333333 0.084375 0.20625
3 0.321875 0.20208333333333334 0.3203125 0.26666666666666666 0.328125 0.26875 0.3390625 0.2604166666666667 0.34375 0.21666666666666667 0.3390625 0.175 0.33125 0.16666666666666666
3 0.2078125 0.9520833333333333 0.2 0.9875 0.2125 0.9854166666666667 0.2125 0.9520833333333333
3 0.1265625 0.94375 0.125 0.9625 0.1359375 0.9979166666666667 0.1921875 0.9979166666666667 0.18125 0.9104166666666667 0.16875 0.8979166666666667 0.153125 0.89375 0.1390625 0.9020833333333333
3 0.3609375 0.7083333333333334 0.3546875 0.7604166666666666 0.3671875 0.7708333333333334 0.3671875 0.8020833333333334 0.378125 0.81875 0.3796875 0.8354166666666667 0.3984375 0.8458333333333333 0.4125 0.84375 0.4203125 0.8208333333333333 0.4203125 0.7020833333333333 0.4015625 0.6729166666666667 0.390625 0.6291666666666667
3 0.4734375 0.8208333333333333 0.4765625 0.8708333333333333 0.4828125 0.8833333333333333 0.4625 0.9708333333333333 0.4640625 0.9958333333333333 0.5390625 0.9979166666666667 0.5421875 0.93125 0.5515625 0.9 0.5375 0.8520833333333333 0.540625 0.8125 0.5203125 0.7833333333333333 0.5109375 0.7833333333333333 0.490625 0.81875
3 0.90625 0.33958333333333335 0.89375 0.38333333333333336 0.903125 0.4125 0.921875 0.43125 0.9296875 0.4 0.925 0.35208333333333336
3 0.878125 0.35 0.88125 0.3854166666666667 0.8921875 0.3958333333333333 0.903125 0.34791666666666665 0.896875 0.3104166666666667 0.8859375 0.3125