1 0.80375 0.48672916666666666 0.08678125 0.1725625
3 0.6436875 0.30697916666666664 0.10120312499999999 0.19408333333333333
1 0.851390625 0.6959583333333333 0.14876562499999998 0.28468750000000004
2 0.9684531249999999 0.6819375 0.034937499999999996 0.12418749999999999
1 0.655359375 0.44775 0.09829687499999999 0.15633333333333335
3 0.7634531250000001 0.26614583333333336 0.082984375 0.20604166666666668
1 0.6663125 0.5813333333333334 0.14168750000000002 0.2343125
1 0.878125 0.38333333333333336 0.875 0.4395833333333333 0.8828125 0.48125 0.89375 0.5083333333333333 0.9015625 0.5125 0.903125 0.53125 0.9125 0.525 0.9234375 0.5291666666666667 0.9421875 0.58125 0.95625 0.5729166666666666 0.96875 0.4354166666666667 0.9640625 0.3958333333333333 0.9390625 0.3645833333333333 0.9109375 0.3541666666666667 0.8875 0.35625
1 0.7234375 0.33541666666666664 0.7328125 0.45416666666666666 0.7359375 0.4625 0.7546875 0.4625 0.7546875 0.4395833333333333 0.765625 0.40208333333333335 0.8109375 0.3958333333333333 0.8078125 0.3229166666666667 0.8015625 0.3125 0.7296875 0.3
3 0.325 0.22916666666666666 0.321875 0.30625 0.3109375 0.33958333333333335 0.271875 0.39375 0.290625 0.42916666666666664 0.290625 0.4479166666666667 0.284375 0.45208333333333334 0.2875 0.48541666666666666 0.275 0.6729166666666667 0.2765625 0.7333333333333333 0.284375 0.7416666666666667 0.3671875 0.75625 0.3953125 0.7520833333333333 0.40625 0.7666666666666667 0.4390625 0.75625 0.4421875 0.7666666666666667 0.4625 0.7708333333333334 0.475 0.73125 0.48125 0.6625 0.4953125 0.6416666666666667 0.515625 0.56875 0.53125 0.5375 0.5375 0.4583333333333333 0.5640625 0.3375 0.5703125 0.10833333333333334 0.546875 0.08958333333333333 0.5015625 0.0875 0.48125 0.11666666666666667 0.44375 0.11666666666666667 0.4296875 0.125 0.3296875 0.21666666666666667
