1 0.51846875 0.25470833333333337 0.072046875 0.146375
1 0.38871875 0.4519375 0.12890625 0.2607083333333333
1 0.5815 0.43816666666666665 0.10401562499999999 0.2665625
1 0.6618906250000001 0.28910416666666666 0.06932812499999999 0.15283333333333332
1 0.7786562499999999 0.43981250000000005 0.13090625 0.2446875
3 0.131375 0.6214791666666667 0.26275 0.7570625
2 0.59203125 0.2599375 0.0245 0.054125
2 0.296875 0.8645833333333334 0.296875 0.9979166666666667 0.35625 0.9979166666666667 0.365625 0.9833333333333333 0.3609375 0.9770833333333333 0.3609375 0.9270833333333334 0.3453125 0.8791666666666667 0.3265625 0.8625
2 0.3484375 0.6645833333333333 0.3421875 0.6708333333333333 0.346875 0.7333333333333333 0.36875 0.7541666666666667 0.3828125 0.78125 0.3984375 0.7541666666666667 0.396875 0.7270833333333333 0.3875 0.7041666666666667 0.396875 0.6979166666666666 0.4 0.68125 0.3734375 0.6604166666666667
1 0.74375 0.19791666666666666 0.7390625 0.28125 0.746875 0.30833333333333335 0.8 0.3229166666666667 0.8078125 0.3104166666666667 0.8078125 0.25416666666666665 0.796875 0.21666666666666667 0.784375 0.2
2 0.63125 0.18541666666666667 0.6296875 0.21041666666666667 0.6359375 0.22708333333333333 0.675 0.225 0.6796875 0.18125 0.6734375 0.16041666666666668 0.646875 0.15833333333333333
2 0.7046875 0.14791666666666667 0.7015625 0.16666666666666666 0.70625 0.17916666666666667 0.7421875 0.18541666666666667 0.74375 0.15 0.7359375 0.12291666666666666 0.7125 0.11875
2 0.2578125 0.16458333333333333 0.25625 0.20833333333333334 0.2640625 0.22916666666666666 0.3078125 0.23125 0.325 0.21458333333333332 0.34375 0.2125 0.35 0.18958333333333333 0.3421875 0.14583333333333334 0.3203125 0.12083333333333333 0.3015625 0.12083333333333333 0.265625 0.13958333333333334
1 0.7953125 0.8416666666666667 0.79375 0.9979166666666667 0.984375 0.9979166666666667 0.984375 0.9625 0.9421875 0.74375 0.9203125 0.7041666666666667 0.8640625 0.6875 0.8390625 0.6916666666666667 0.815625 0.7395833333333334
