2 0.44964062499999996 0.36543749999999997 0.101421875 0.17575
2 0.35403125 0.4923958333333333 0.130953125 0.2415625
2 0.254734375 0.6959375 0.16707812500000002 0.3034375
2 0.852140625 0.7326250000000001 0.11882812499999999 0.3755625
3 0.9295 0.6397291666666667 0.0395625 0.1164375
3 0.55221875 0.6417916666666666 0.02278125 0.08141666666666666
3 0.325875 0.9579791666666666 0.065515625 0.07989583333333333
3 0.5174375 0.43220833333333336 0.0196875 0.08910416666666668
3 0.17959375 0.9657083333333334 0.041671875000000004 0.06858333333333334
2 0.493234375 0.2790416666666667 0.088109375 0.13885416666666667
4 0.64665625 0.45316666666666666 0.125859375 0.33439583333333334
2 0.68084375 0.6835833333333333 0.126515625 0.294
2 0.1546875 0.75625 0.15 0.8645833333333334 0.15625 0.8729166666666667 0.1640625 0.8708333333333333 0.178125 0.8416666666666667 0.1796875 0.8236104166666667 0.2109375 0.8291666666666667 0.2359375 0.8833333333333333 0.2515625 0.9 0.28125 0.9 0.2984375 0.8666666666666667 0.2984375 0.8208333333333333 0.3109375 0.7979166666666667 0.3171875 0.7666666666666667 0.3125 0.75625 0.3328125 0.7291666666666666 0.3453125 0.73125 0.35 0.7145833333333333 0.353125 0.6645833333333333 0.3359375 0.5854166666666667 0.3109375 0.55625 0.2484375 0.5520833333333334 0.2234375 0.5854166666666667 0.16875 0.6916666666666667
3 0.4484375 0.6395833333333333 0.446875 0.6770833333333334 0.4671875 0.7041666666666667 0.478125 0.7083333333333334 0.48125 0.7541666666666667 0.490625 0.7708333333333334 0.4984375 0.75 0.4984375 0.6583333333333333 0.484375 0.5708333333333333 0.4703125 0.5729166666666666
3 0.421875 0.5645833333333333 0.4171875 0.58125 0.4203125 0.6041666666666666 0.434375 0.6208333333333333 0.4375 0.6354166666666666 0.4453125 0.6375 0.4625 0.59375 0.459375 0.5645833333333333 0.440625 0.5270833333333333 0.434375 0.5291666666666667
3 0.9765625 0.875 0.9828125 0.9479166666666666 0.990625 0.9666666666666667 0.9984375 0.9645833333333333 0.9984375 0.86875
3 0.48125 0.84375 0.4828125 0.95625 0.5015625 0.9666666666666667 0.528125 0.9625 0.5296875 0.9416666666666667 0.5390625 0.9375 0.5359375 0.9083333333333333 0.546875 0.8666666666666667 0.5390625 0.8166666666666667 0.521875 0.8229166666666666 0.49375 0.8125 0.4953125 0.8291666666666667
3 0.5390625 0.625 0.534375 0.6583333333333333 0.521875 0.6854166666666667 0.5421875 0.7020833333333333 0.5421875 0.7291666666666666 0.5484375 0.7416666666666667 0.55625 0.7416666666666667 0.5734375 0.73125 0.571875 0.7083333333333334 0.5796875 0.6833333333333333 0.559375 0.6125 0.5484375 0.6083333333333333
3 0.5515625 0.43333333333333335 0.5484375 0.47291666666666665 0.559375 0.49583333333333335 0.5671875 0.49375 0.575 0.47708333333333336 0.5875 0.32708333333333334 0.578125 0.325 0.5578125 0.38333333333333336
3 0.8671875 0.36666666666666664 0.86875 0.42083333333333334 0.8828125 0.4270833333333333 0.8890625 0.41458333333333336 0.8875 0.35625 0.8796875 0.35
3 0.9 0.3416666666666667 0.896875 0.4 0.9 0.42083333333333334 0.9078125 0.425 0.9234375 0.39375 0.921875 0.35 0.915625 0.33541666666666664
3 0.840625 0.31666666666666665 0.8375 0.36875 0.85 0.40208333333333335 0.8625 0.3729166666666667 0.8625 0.3104166666666667 0.85625 0.2875 0.8484375 0.2875
2 0.7294921875 0.3528645833333333 0.734375 0.5208333333333334 0.7390625 0.5270833333333333 0.7625 0.5208333333333334 0.790625 0.5270833333333333 0.8171875 0.51875 0.8234375 0.5 0.8234375 0.44583333333333336 0.8140625 0.37083333333333335 0.803125 0.33958333333333335 0.74375 0.325 0.734375 0.3333333333333333
2 0.715625 0.2375 0.709375 0.29583333333333334 0.7265625 0.32083333333333336 0.7265625 0.3458333333333333 0.73125 0.3145833333333333 0.7375 0.3104166666666667 0.7796875 0.31666666666666665 0.8015625 0.33125 0.803125 0.2520833333333333 0.790625 0.22291666666666668 0.721875 0.2125
4 0.6203125 0.16875 0.625 0.25625 0.6375 0.24791666666666667 0.6765625 0.2708333333333333 0.6890625 0.2708333333333333 0.696875 0.17708333333333334 0.6859375 0.15208333333333332 0.6359375 0.125
4 0.509375 0.14166666666666666 0.4953125 0.19375 0.496875 0.20833333333333334 0.5265625 0.22291666666666668 0.534375 0.23333333333333334 0.540625 0.275 0.5640625 0.28958333333333336 0.5796875 0.25833333333333336 0.5796875 0.23125 0.5921875 0.18541666666666667 0.5859375 0.13125 0.5640625 0.12083333333333333 0.5203125 0.11875