3 0.08737500000000001 0.31035416666666665 0.17475000000000002 0.31816666666666665
1 0.203625 0.8662708333333333 0.26190625 0.2617291666666667
1 0.629359375 0.7118125000000001 0.124859375 0.28672916666666665
2 0.812625 0.5778958333333333 0.030875000000000003 0.08035416666666667
3 0.6386406250000001 0.21864583333333334 0.08737500000000001 0.22425
2 0.5524843749999999 0.6000833333333334 0.038296875 0.12364583333333333
2 0.5148906249999999 0.4615208333333333 0.023390625 0.08224999999999999
2 0.813390625 0.42158333333333337 0.020874999999999998 0.056562499999999995
2 0.816078125 0.5014166666666667 0.0234375 0.0894375
2 0.663296875 0.5527916666666666 0.020453125 0.061812500000000006
2 0.758765625 0.5038750000000001 0.023109374999999998 0.08358333333333333
2 0.95859375 0.5372291666666666 0.02071875 0.07539583333333333
2 0.78746875 0.2159375 0.025062499999999998 0.04752083333333333
2 0.382328125 0.37435416666666665 0.016609375000000003 0.056
2 0.29834375 0.5 0.022468750000000003 0.0859375
2 0.2421875 0.6386666666666667 0.0234375 0.09245833333333334
2 0.5024375 0.9511666666666667 0.07129687500000001 0.09766666666666667
2 0.400875 0.9550833333333333 0.036140624999999996 0.08985416666666667
2 0.693359375 0.6295625 0.013671875 0.08464583333333334
2 0.758796875 0.59375 0.0234375 0.0625
2 0.687015625 0.5045625 0.022468750000000003 0.056
2 0.8989218749999999 0.6308541666666667 0.032234374999999996 0.08464583333333334
2 0.91796875 0.46418750000000003 0.017578125 0.042979166666666666
2 0.8852499999999999 0.3971458333333333 0.020515625000000003 0.044270833333333336
2 0.8442343749999999 0.47070833333333334 0.01075 0.056
2 0.501953125 0.5924583333333333 0.029296875 0.09635416666666667
2 0.17090624999999998 0.6881458333333333 0.017578125 0.06641666666666667
2 0.249515625 0.375 0.014656250000000001 0.06770833333333333
2 0.330078125 0.46939583333333335 0.02734375 0.07162500000000001
2 0.71728125 0.46289583333333334 0.020515625000000003 0.0638125
1 0.8071249999999999 0.7714791666666667 0.120125 0.2877708333333333
2 0.61328125 0.9693958333333333 0.056640625 0.06120833333333333
2 0.9692343749999999 0.9791666666666666 0.022468750000000003 0.041666666666666664
2 0.9194375000000001 0.5846458333333333 0.026375 0.059895833333333336
2 0.47509375 0.3541666666666667 0.016609375000000003 0.0390625
2 0.52734375 0.3450625 0.009765625 0.041666666666666664
1 0.78515625 0.32095833333333335 0.0625 0.1263125
2 0.6123125 0.4270833333333333 0.021484375 0.049479166666666664
2 0.542 0.48372916666666665 0.021484375 0.042979166666666666
2 0.606453125 0.5286458333333334 0.017578125 0.036458333333333336
2 0.9536093749999999 0.6380208333333334 0.018562500000000003 0.041666666666666664
2 0.734375 0.421875 0.015625 0.06770833333333333
2 0.48828125 0.8007916666666667 0.046875 0.11197916666666667
1 0.40234375 0.6575624999999999 0.16796875 0.3723958333333333
