0 0.21582812499999998 0.6673125 0.25390625 0.5742083333333333
4 0.479984375 0.265625 0.13768750000000002 0.296875
3 0.411140625 0.7871041666666667 0.060546875 0.2669375
2 0.599609375 0.5390625 0.1171875 0.2578125
2 0.8168906249999999 0.7057291666666666 0.14551562499999998 0.2838541666666667
2 0.563484375 0.8886666666666667 0.19921875 0.22266666666666665
2 0.9545937500000001 0.6152291666666667 0.09082812500000001 0.24610416666666665
2 0.76025 0.3958333333333333 0.122078125 0.20833333333333334
2 0.626953125 0.28841666666666665 0.1015625 0.20964583333333334
2 0.060546875 0.2076875 0.095703125 0.12891666666666668
2 0.732421875 0.1764375 0.033203125 0.08204166666666667