1 0.30321875 0.7224583333333333 0.172484375 0.37533333333333335
1 0.67640625 0.8385208333333334 0.196125 0.3110833333333333
3 0.6507031249999999 0.2865625 0.129546875 0.408875
1 0.8313124999999999 0.5816041666666667 0.11742187500000001 0.28575
1 0.47040625 0.3403958333333333 0.10184375000000001 0.2875625
2 0.9457812499999999 0.693125 0.034484375 0.12110416666666667
2 0.950296875 0.5745833333333333 0.020515625000000003 0.09220833333333332
2 0.428125 0.6916666666666667 0.428125 0.7375 0.4359375 0.7625 0.440625 0.8229166666666666 0.45 0.8270833333333333 0.4671875 0.7979166666666667 0.4796875 0.7458333333333333 0.4828125 0.675 0.4703125 0.6604166666666667 0.4375 0.6604166666666667
2 0.7390625 0.38333333333333336 0.7375 0.43125 0.746875 0.45416666666666666 0.7578125 0.4395833333333333 0.7609375 0.36875 0.7484375 0.36875
2 0.7890625 0.28125 0.790625 0.31666666666666665 0.8046875 0.3145833333333333 0.80625 0.275 0.79375 0.2708333333333333
2 0.746875 0.2375 0.740625 0.25 0.74375 0.2791666666666667 0.746875 0.29375 0.7546875 0.29583333333333334 0.7578125 0.23333333333333334
2 0.765625 0.24375 0.7609375 0.27708333333333335 0.765625 0.29583333333333334 0.7734375 0.29791666666666666 0.7828125 0.2708333333333333 0.78125 0.22916666666666666 0.775 0.22291666666666668
2 0.784375 0.36041666666666666 0.78125 0.38333333333333336 0.7703125 0.39791666666666664 0.771875 0.42083333333333334 0.784375 0.42916666666666664 0.809375 0.4270833333333333 0.796875 0.3625
2 0.5375 0.2708333333333333 0.5375 0.32916666666666666 0.5578125 0.3375 0.5671875 0.32083333333333336 0.5671875 0.22291666666666668 0.546875 0.22291666666666668
