3 0.17684375000000002 0.6672916666666667 0.3375 0.6543333333333333
1 0.8145625000000001 0.5128541666666666 0.117265625 0.17931249999999999
1 0.83728125 0.7864791666666666 0.149203125 0.4047916666666667
0 0.2265625 0.3333333333333333 0.228125 0.3770833333333333 0.340625 0.39791666666666664 0.3578125 0.41041666666666665 0.3484375 0.53125 0.34375 0.7583333333333333 0.3515625 0.7854166666666667 0.371875 0.7875 0.45625 0.58125 0.4609375 0.5458333333333333 0.46875 0.53125 0.478125 0.44583333333333336 0.4828125 0.44166666666666665 0.4890625 0.21458333333333332 0.478125 0.20208333333333334 0.4453125 0.18958333333333333 0.365625 0.18958333333333333 0.3265625 0.22291666666666668 0.3046875 0.25416666666666665 0.25 0.29791666666666666
1 0.484375 0.30416666666666664 0.4796875 0.47708333333333336 0.5 0.48333333333333334 0.525 0.4166666666666667 0.53125 0.35 0.528125 0.27291666666666664 0.4890625 0.2604166666666667
3 0.459375 0.16458333333333333 0.4578125 0.19166666666666668 0.5328125 0.3416666666666667 0.5421875 0.3416666666666667 0.55625 0.29791666666666666 0.5671875 0.2833333333333333 0.584375 0.16458333333333333 0.5640625 0.13125 0.5578125 0.09375 0.5265625 0.08541666666666667 0.503125 0.10416666666666667 0.4984375 0.11666666666666667 0.4734375 0.12083333333333333
1 0.584375 0.32708333333333334 0.5859375 0.3958333333333333 0.5984375 0.40208333333333335 0.60625 0.39166666666666666 0.6671875 0.39375 0.671875 0.3854166666666667 0.675 0.34375 0.6703125 0.32083333333333336 0.653125 0.3 0.609375 0.2875
1 0.6125 0.23125 0.6078125 0.25625 0.5984375 0.2625 0.6078125 0.2833333333333333 0.6703125 0.3145833333333333 0.6734375 0.26458333333333334 0.6625 0.23125 0.6359375 0.2125
3 0.5203125 0.64375 0.51875 0.675 0.5390625 0.6854166666666667 0.540625 0.7479166666666667 0.5328125 0.775 0.5296875 0.85 0.6421875 0.9041666666666667 0.65 0.9229166666666667 0.6609375 0.925 0.66796875 0.890625 0.68125 0.8770833333333333 0.6875 0.7583333333333333 0.69375 0.7375 0.709375 0.725 0.709375 0.6875 0.7 0.6423604166666668 0.7015625 0.4625 0.684375 0.4041666666666667 0.6484375 0.39375 0.6046875 0.39791666666666664 0.5859375 0.4395833333333333 0.5453125 0.63125 0.540625 0.6416666666666667
3 0.7265625 0.25625 0.728125 0.35833333333333334 0.71875 0.41041666666666665 0.728125 0.4979166666666667 0.734375 0.5083333333333333 0.746875 0.5020833333333333 0.7609375 0.425 0.77890625 0.41458333333333336 0.8265625 0.42083333333333334 0.828125 0.28125 0.8125 0.24375 0.796875 0.23541666666666666 0.73125 0.225
2 0.7984375 0.1625 0.8015625 0.16666666666666666 0.803125 0.175 0.796875 0.2 0.79375 0.2 0.7890625 0.19166666666666668 0.790625 0.16458333333333333 0.796875 0.1625
2 0.715625 0.19166666666666668 0.7171875 0.19375 0.715625 0.22916666666666666 0.7109375 0.23958333333333334 0.7078125 0.23958333333333334 0.7046875 0.22708333333333333 0.7046875 0.19791666666666666 0.7078125 0.19166666666666668 0.7109375 0.18958333333333333 0.7140625 0.19166666666666668
2 0.8171875 0.17291666666666666 0.8203125 0.17708333333333334 0.8203125 0.18958333333333333 0.8234375 0.20625 0.821875 0.21458333333333332 0.815625 0.21458333333333332 0.809375 0.20625 0.8109375 0.17708333333333334 0.815625 0.17291666666666666
2 0.084375 0.22083333333333333 0.0921875 0.23125 0.096875 0.2604166666666667 0.096875 0.27291666666666664 0.0953125 0.28125 0.090625 0.2875 0.078125 0.29375 0.0734375 0.2916666666666667 0.0703125 0.28125 0.0703125 0.26458333333333334 0.0609375 0.25 0.0609375 0.23541666666666666 0.059375 0.23333333333333334 0.0609375 0.23125 0.0640625 0.19791666666666666 0.0703125 0.19166666666666668 0.075 0.19166666666666668 0.078125 0.19583333333333333 0.078125 0.21458333333333332 0.0828125 0.22083333333333333
2 0.5453125 0.035416666666666666 0.5453125 0.014583333333333334 0.5484375 0.00625 0.553125 0.010416666666666666 0.553125 0.03125 0.55 0.035416666666666666 0.546875 0.035416666666666666
2 0.04375 0.2875 0.0515625 0.29375 0.0609375 0.29583333333333334 0.0640625 0.30833333333333335 0.06875 0.30625 0.06875 0.3 0.065625 0.29583333333333334 0.0703125 0.29375 0.0765625 0.3020833333333333 0.075 0.33125 0.071875 0.33541666666666664 0.0484375 0.35 0.0390625 0.35 0.034375 0.34375 0.0359375 0.33958333333333335 0.0359375 0.28958333333333336 0.0421875 0.2875
2 0.8640625 0.28958333333333336 0.021875 0.0625
2 0.3546875 0.09375 0.359375 0.10208333333333333 0.359375 0.1125 0.3578125 0.11458333333333333 0.3578125 0.125 0.3515625 0.1375 0.34375 0.1375 0.340625 0.13333333333333333 0.3390625 0.1125 0.3421875 0.09791666666666667 0.3484375 0.09375 0.353125 0.09375
2 0.0453125 0.28958333333333336 0.0546875 0.29583333333333334 0.0609375 0.30625 0.0609375 0.31666666666666665 0.065625 0.33541666666666664 0.053125 0.34791666666666665 0.0421875 0.35208333333333336 0.034375 0.34791666666666665 0.034375 0.3375 0.0359375 0.33541666666666664 0.0359375 0.28958333333333336 0.0375 0.2875 0.04375 0.28958333333333336
2 0.6421875 0.13645833333333332 0.015625 0.035416666666666666
2 0.890625 0.3020833333333333 0.8984375 0.30833333333333335 0.903125 0.30833333333333335 0.9078125 0.32083333333333336 0.9078125 0.35625 0.90625 0.35833333333333334 0.90625 0.3729166666666667 0.903125 0.38333333333333336 0.8921875 0.38333333333333336 0.8859375 0.37916666666666665 0.88125 0.36875 0.8828125 0.325 0.8890625 0.30416666666666664
2 0.078125 0.24375 0.0828125 0.24583333333333332 0.0859375 0.2520833333333333 0.0921875 0.2520833333333333 0.0953125 0.25625 0.0953125 0.28125 0.090625 0.2875 0.08125 0.29375 0.0734375 0.2916666666666667 0.0703125 0.28541666666666665 0.0703125 0.26458333333333334 0.065625 0.25416666666666665 0.06875 0.24791666666666667 0.0765625 0.24583333333333332
2 0.8859375 0.32916666666666666 0.89375 0.32916666666666666 0.9 0.32083333333333336 0.9046875 0.32083333333333336 0.9078125 0.32708333333333334 0.9078125 0.3541666666666667 0.9046875 0.3625 0.90625 0.37083333333333335 0.903125 0.38333333333333336 0.8921875 0.38333333333333336 0.8828125 0.375 0.88125 0.3541666666666667 0.8859375 0.33958333333333335 0.884375 0.3375 0.8859375 0.33125
2 0.646875 0 0.6484375 0.0020833333333333333 0.6484375 0.01875 0.6453125 0.025 0.640625 0.020833333333333332 0.640625 0.008333333333333333 0.6421875 0.0020833333333333333 0.6453125 0
2 0.6296875 0.058333333333333334 0.6328125 0.058333333333333334 0.634375 0.06458333333333334 0.634375 0.07708333333333334 0.63125 0.08125 0.628125 0.08125 0.625 0.07708333333333334 0.625 0.07083333333333333 0.6296875 0.06041666666666667
