1 0.5106875 0.3133958333333334 0.08921875 0.17477083333333335
1 0.43043750000000003 0.4858333333333333 0.134171875 0.24808333333333332
0 0.6677500000000001 0.5978958333333334 0.246734375 0.7748333333333334
1 0.2575625 0.8396666666666667 0.249359375 0.29404166666666665
1 0.5474218750000001 0.17956249999999999 0.048875 0.09706250000000001
2 0.829484375 0.4628125 0.017359375 0.05322916666666667
2 0.83996875 0.5690833333333334 0.029671874999999997 0.13127083333333334
2 0.813484375 0.7734375 0.02734375 0.08854166666666667
2 0.901375 0.7727916666666667 0.029296875 0.12108333333333333
2 0.90625 0.5462291666666667 0.017578125 0.07683333333333334
2 0.9477499999999999 0.49414583333333334 0.018562500000000003 0.050791666666666666
2 0.838875 0.3815208333333333 0.0234375 0.041666666666666664
2 0.797859375 0.3333333333333333 0.015625 0.0390625
2 0.8256875000000001 0.30664583333333334 0.014656250000000001 0.03777083333333333
2 0.8286093749999999 0.26106250000000003 0.020515625000000003 0.040375
2 0.06934375000000001 0.8834583333333333 0.04296875 0.13152083333333334
2 0.8588906250000001 0.925125 0.047859374999999996 0.12110416666666667
2 0.9809531249999999 0.9557291666666666 0.038093749999999996 0.08333333333333333
2 0.8832968749999999 0.6276041666666666 0.024421875000000003 0.057291666666666664
