2 0.765421875 0.40412499999999996 0.073890625 0.17727083333333335
0 0.274625 0.5731875 0.20584375000000002 0.5082083333333334
3 0.11470312499999999 0.42691666666666667 0.0343125 0.06472916666666667
3 0.7394999999999999 0.5149166666666667 0.018046875 0.06699999999999999
3 0.8873906249999999 0.44725000000000004 0.017046875 0.06252083333333333
3 0.8733437500000001 0.6689166666666666 0.0248125 0.08252083333333333
4 0.505171875 0.18170833333333333 0.08671875 0.14920833333333333
3 0.8311249999999999 0.3854166666666667 0.015359375 0.04641666666666667
3 0.208796875 0.32314583333333335 0.019125 0.05554166666666667
3 0.931390625 0.6480208333333334 0.0238125 0.09020833333333332
3 0.79634375 0.5259166666666667 0.016203125 0.05102083333333333
3 0.262671875 0.20072916666666665 0.022234375 0.0694375
2 0.63225 0.6860208333333334 0.132640625 0.35210416666666666
2 0.6507968749999999 0.36470833333333336 0.08395312499999999 0.16429166666666667
2 0.283484375 0.29610416666666667 0.10012499999999999 0.10272916666666668
3 0.036625000000000005 0.6158958333333333 0.040031250000000004 0.06770833333333333
3 0.507328125 0.6822916666666666 0.034187499999999996 0.09895833333333333
3 0.797859375 0.6380208333333334 0.013671875 0.059895833333333336
3 0.7319375 0.6516875 0.026375 0.07162500000000001
3 0.444828125 0.31575000000000003 0.012703125000000001 0.0481875
3 0.525875 0.359375 0.016609375000000003 0.046875
3 0.531734375 0.5638124999999999 0.018562500000000003 0.08072916666666667
3 0.454109375 0.7649791666666667 0.037109375 0.10808333333333334
3 0.398921875 0.7610625 0.024421875000000003 0.07683333333333334
3 0.310546875 0.8984375 0.02734375 0.10416666666666667
3 0.62646875 0.9752708333333333 0.07518749999999999 0.049479166666666664
3 0.821296875 0.9681041666666667 0.03125 0.0638125
3 0.9453125 0.9589791666666667 0.037109375 0.08204166666666667
3 0.833984375 0.6959583333333333 0.0234375 0.0481875
3 0.033203125 0.3294375 0.029296875 0.046875
3 0.08301562500000001 0.33918750000000003 0.015625 0.04558333333333333
3 0.18359375 0.28450000000000003 0.01171875 0.04558333333333333
3 0.216796875 0.20833333333333334 0.021484375 0.041666666666666664
3 0.310546875 0.20964583333333334 0.013671875 0.033854166666666664
3 0.426265625 0.168625 0.018562500000000003 0.042958333333333334
3 0.573734375 0.3489583333333333 0.012703125000000001 0.052083333333333336
3 0.48975 0.30924999999999997 0.012703125000000001 0.029958333333333333
3 0.421390625 0.6295625 0.020515625000000003 0.08985416666666667
3 0.497078125 0.9655 0.037109375 0.06902083333333334
3 0.88671875 0.5579375 0.013671875 0.058604166666666666
3 0.8110312499999999 0.33529166666666665 0.012703125000000001 0.042979166666666666
3 0.787109375 0.3086041666666667 0.015625 0.033854166666666664
3 0.55321875 0.3125 0.012703125000000001 0.03125