1 0.557296875 0.6648125 0.142453125 0.33675
1 0.8349062500000001 0.6571874999999999 0.14170312499999999 0.36185416666666664
1 0.3116875 0.5723125 0.15518749999999998 0.2967708333333333
1 0.46401562500000004 0.3769166666666666 0.11459375000000001 0.18616666666666667
1 0.901578125 0.9359791666666666 0.188015625 0.12804166666666666
1 0.636046875 0.441625 0.11415625 0.22279166666666667
2 0.222078125 0.19079166666666666 0.028984375 0.040791666666666664
2 0.310265625 0.19345833333333334 0.026109375 0.038562500000000006
2 0.09375 0.231125 0.021484375 0.040375
2 0.024421875000000003 0.4231875 0.029296875 0.052083333333333336
