3 0.9596406249999999 0.5763333333333333 0.030875000000000003 0.09485416666666667
0 0.7506875 0.23481249999999998 0.11456249999999998 0.264625
2 0.29403125 0.6025208333333333 0.17470312500000001 0.3720833333333333
3 0.8655156249999999 0.3673541666666667 0.015609375 0.04622916666666667
3 0.56803125 0.29514583333333333 0.017468749999999998 0.080875
3 0.8439062500000001 0.5167083333333333 0.016953125 0.0603125
2 0.5392812499999999 0.20795833333333333 0.05134375 0.15662500000000001
3 0.8139531249999999 0.4911041666666666 0.017374999999999998 0.045187500000000005
2 0.58859375 0.49341666666666667 0.1084375 0.22233333333333333
3 0.279296875 0.9121041666666667 0.044921875 0.12110416666666667
3 0.9091875 0.7818958333333333 0.03125 0.13672916666666665
3 0.966796875 0.8802083333333334 0.02734375 0.10416666666666667
3 0.8667031250000001 0.6035208333333333 0.024421875000000003 0.08725000000000001
3 0.8979531250000001 0.4336041666666667 0.020515625000000003 0.046875
3 0.9604531250000001 0.4765625 0.016609375000000003 0.057291666666666664
3 0.981453125 0.5579375 0.025390625 0.06120833333333333
3 0.857421875 0.46158333333333335 0.02734375 0.05339583333333333
2 0.77246875 0.45768749999999997 0.107421875 0.227875
2 0.779296875 0.7291666666666666 0.115234375 0.2916666666666667
3 0.448734375 0.4492291666666667 0.03028125 0.07552083333333333
3 0.449703125 0.5846458333333333 0.012703125000000001 0.059895833333333336
3 0.52978125 0.3893333333333333 0.022468750000000003 0.049479166666666664
4 0.633796875 0.20964583333333334 0.064453125 0.17447916666666666
4 0.4506875 0.28581249999999997 0.07909374999999999 0.1861875
3 0.821296875 0.33008333333333334 0.013671875 0.035166666666666666