1 0.43 0.6747291666666667 0.17484375000000002 0.35385416666666664
1 0.640296875 0.7796666666666667 0.1519375 0.3470416666666667
1 0.85521875 0.8156041666666667 0.141390625 0.2944375
3 0.64715625 0.29608333333333337 0.11053125 0.2938541666666667
1 0.61940625 0.49183333333333334 0.10968750000000001 0.23791666666666667
2 0.291296875 0.26685416666666667 0.019 0.041604166666666664
1 0.790390625 0.5635 0.112078125 0.25754166666666667
2 0.410828125 0.18289583333333334 0.020359375 0.06937499999999999
1 0.11264062500000001 0.1881875 0.07971875 0.08120833333333333
2 0.8672812499999999 0.398125 0.027578125 0.06452083333333333
2 0.11529687500000001 0.2636458333333333 0.028796875 0.05254166666666667
2 0.9073437500000001 0.6583333333333333 0.033125 0.09543750000000001
2 0.064296875 0.8667916666666666 0.037734375 0.097
2 0.03315625 0.3030416666666667 0.038906249999999996 0.047125
1 0.45106250000000003 0.4439166666666667 0.11659375000000001 0.17335416666666664
1 0.331609375 0.21572916666666667 0.06578125 0.09022916666666667
2 0.220890625 0.1818125 0.022296875 0.07572916666666667
1 0.7788125 0.38606250000000003 0.07325000000000001 0.16797916666666665
3 0.770015625 0.27539583333333334 0.122078125 0.23047916666666665
2 0.8657187499999999 0.5696666666666667 0.028328125 0.08725000000000001
2 0.98340625 0.8209583333333333 0.033203125 0.07943750000000001
2 0.142578125 0.7167916666666667 0.03515625 0.07683333333333334
2 0.18115625 0.7838541666666666 0.03028125 0.08333333333333333
2 0.53271875 0.375 0.012703125000000001 0.0703125
2 0.540046875 0.45508333333333334 0.02734375 0.07943750000000001
2 0.8383749999999999 0.36002083333333335 0.012703125000000001 0.056
