2 0.803409090909091 0.8147727272727273 0.2056818181818182 0.3625
3 0.11363636363636363 0.3397727272727273 0.03068181818181818 0.07613636363636364
2 0.32954545454545453 0.7272727272727273 0.2056818181818182 0.4068181818181818
2 0.12727272727272726 0.6806818181818182 0.2159090909090909 0.39147727272727273
2 0.6267045454545455 0.9369318181818181 0.20625 0.12102272727272727
2 0.2159090909090909 0.5056818181818182 0.13522727272727272 0.23352272727272727
2 0.5642045454545455 0.4948863636363636 0.1159090909090909 0.24034090909090908
2 0.6823863636363636 0.4323863636363636 0.12556818181818183 0.2096590909090909
2 0.09318181818181819 0.2681818181818182 0.1125 0.13636363636363635
2 0.3625 0.4556818181818182 0.11875 0.1943181818181818
3 0.6 0.7789772727272727 0.06079545454545455 0.13352272727272727
3 0.5545454545454546 0.32897727272727273 0.025 0.075
3 0.6477272727272727 0.6806818181818182 0.03579545454545455 0.11931818181818182
2 0.4119318181818182 0.3494318181818182 0.10056818181818182 0.19318181818181818
2 0.2755681818181818 0.3568181818181818 0.11818181818181818 0.23863636363636365
3 0.5994318181818182 0.34147727272727274 0.03125 0.1028409090909091
2 0.4369318181818182 0.24034090909090908 0.07727272727272727 0.13352272727272727
3 0.5017045454545455 0.40738636363636366 0.031818181818181815 0.09886363636363636
2 0.5568181818181818 0.2369318181818182 0.06704545454545455 0.12102272727272727
