1 0.6444062500000001 0.3080416666666667 0.056765625 0.1508125
1 0.504859375 0.43364583333333334 0.0954375 0.230375
1 0.648015625 0.7264791666666667 0.134546875 0.38275
2 0.958625 0.9425416666666667 0.045609375 0.10304166666666667
1 0.32810937500000004 0.6588541666666666 0.169640625 0.31297916666666664
1 0.74825 0.25804166666666667 0.052828125000000004 0.10964583333333335
2 0.854515625 0.4280208333333333 0.016109375000000002 0.04814583333333333
2 0.740421875 0.4030625 0.017265625 0.051062500000000004
2 0.9438281249999999 0.6882916666666666 0.026546874999999998 0.0883125
2 0.76346875 0.44949999999999996 0.027968749999999997 0.09422916666666666
1 0.89159375 0.35341666666666666 0.0841875 0.16929166666666667
2 0.8171875 0.424375 0.01415625 0.042229166666666665
1 0.498546875 0.2821458333333334 0.08821875 0.104125
2 0.30321875 0.9785208333333333 0.057625 0.042979166666666666
2 0.23145312499999998 0.9414166666666667 0.044921875 0.11458333333333333
2 0.11621875 0.9550833333333333 0.03125 0.06641666666666667
2 0.08301562500000001 0.8235625 0.03515625 0.12110416666666667
2 0.01953125 0.9199166666666667 0.03125 0.07683333333333334
2 0.538578125 0.6809999999999999 0.03028125 0.109375
2 0.456546875 0.5742291666666667 0.036140624999999996 0.06770833333333333
2 0.325203125 0.4270833333333333 0.017578125 0.06510416666666667
2 0.565921875 0.3763125 0.016609375000000003 0.07291666666666667
2 0.602046875 0.4348958333333333 0.026375 0.0546875
2 0.757328125 0.7135416666666666 0.03028125 0.10416666666666667
2 0.8466875 0.8222708333333333 0.03515625 0.08985416666666667
2 0.8647500000000001 0.6568958333333333 0.022468750000000003 0.07943750000000001
2 0.900390625 0.5299583333333333 0.0234375 0.052083333333333336
1 0.660640625 0.47200000000000003 0.09668750000000001 0.17839583333333334
2 0.8383749999999999 0.6035208333333333 0.028328125 0.07422916666666667
2 0.417484375 0.9557291666666666 0.038093749999999996 0.08854166666666667
2 0.42578125 0.7174583333333333 0.01953125 0.09375
2 0.48046875 0.6699166666666667 0.03125 0.07422916666666667
2 0.865234375 0.9550833333333333 0.029296875 0.058604166666666666
2 0.77196875 0.8294374999999999 0.045906249999999996 0.09635416666666667
2 0.754390625 0.6028749999999999 0.022468750000000003 0.044270833333333336
