2 0.689875 0.7688124999999999 0.15309375 0.36162500000000003
2 0.23920312500000002 0.8176666666666667 0.23939062500000002 0.34741666666666665
2 0.5879218749999999 0.5675625 0.11754687500000001 0.24752083333333333
3 0.8764375 0.49768749999999995 0.027390625000000002 0.08893749999999999
3 0.47009375000000003 0.68825 0.03525 0.13504166666666664
3 0.7214375000000001 0.2655416666666667 0.018390625 0.06214583333333333
2 0.498171875 0.35691666666666666 0.08778125 0.167625
3 0.80628125 0.2658125 0.016671875 0.050520833333333334
3 0.7583593750000001 0.2905416666666667 0.016671875 0.05395833333333333
3 0.82334375 0.48091666666666666 0.0170625 0.06160416666666667
3 0.49365625 0.542 0.035171875000000005 0.11022916666666666
3 0.754953125 0.45191666666666663 0.02559375 0.09795833333333334
2 0.8383749999999999 0.668625 0.10840625 0.2721458333333333
2 0.9663125000000001 0.5631458333333333 0.06739062500000001 0.2044375
3 0.92871875 0.6705833333333333 0.037109375 0.09114583333333333
3 0.97265625 0.9049583333333333 0.037109375 0.15104166666666666
2 0.661140625 0.42252083333333335 0.0859375 0.181
2 0.668953125 0.30924999999999997 0.068359375 0.1263125
3 0.58203125 0.38216666666666665 0.01953125 0.040375
3 0.5493125 0.4544375 0.022468750000000003 0.06510416666666667
2 0.37890625 0.42904166666666665 0.109375 0.18620833333333334
2 0.35009375 0.6321666666666667 0.11621875 0.227875
4 0.520015625 0.19335416666666666 0.10059375 0.16275
3 0.604984375 0.3125 0.012703125000000001 0.046875
3 0.777828125 0.3619791666666667 0.026375 0.046875
3 0.8383749999999999 0.35352083333333334 0.022468750000000003 0.040375
3 0.9106406249999999 0.4023541666666667 0.018562500000000003 0.052083333333333336