1 0.662484375 0.20500000000000002 0.06446874999999999 0.09714583333333333
1 0.834421875 0.6788333333333333 0.13621875 0.24335416666666668
3 0.415140625 0.33175000000000004 0.152125 0.30047916666666663
2 0.245984375 0.7974374999999999 0.04384375 0.10004166666666667
2 0.45568749999999997 0.5502708333333334 0.0211875 0.05725
2 0.52325 0.18677083333333336 0.056203125 0.04054166666666667
2 0.117203125 0.9728333333333333 0.045656249999999995 0.05433333333333333
1 0.651 0.29841666666666666 0.07396875 0.10854166666666668
2 0.8776093749999999 0.5465625000000001 0.025687500000000002 0.0655
2 0.80665625 0.32154166666666667 0.015437500000000002 0.06085416666666667
2 0.819171875 0.37277083333333333 0.014265625 0.051104166666666666
2 0.36462500000000003 0.7890416666666666 0.033703125 0.11504166666666667
2 0.805203125 0.33381249999999996 0.013203125 0.03864583333333334
2 0.523296875 0.784125 0.025625 0.09135416666666667
2 0.507328125 0.5833333333333334 0.026375 0.09114583333333333
2 0.4248125 0.5651041666666666 0.01953125 0.0546875
2 0.740234375 0.45768749999999997 0.015625 0.05339583333333333
1 0.802734375 0.5039166666666667 0.095703125 0.09895833333333333
2 0.9125937499999999 0.5071666666666667 0.012703125000000001 0.050791666666666666
2 0.4086875 0.9049583333333333 0.06348437500000001 0.11197916666666667
2 0.29834375 0.9192708333333334 0.038093749999999996 0.08072916666666667
2 0.017093749999999998 0.9622499999999999 0.018562500000000003 0.07552083333333333
2 0.08496875000000001 0.8411458333333334 0.046875 0.09635416666666667
2 0.202640625 0.7669374999999999 0.024421875000000003 0.078125
1 0.293453125 0.5475208333333333 0.120125 0.2721458333333333
2 0.402828125 0.5722708333333333 0.008796875 0.05339583333333333
2 0.477046875 0.5169374999999999 0.024421875000000003 0.049479166666666664
1 0.7421875 0.3033958333333333 0.056640625 0.0859375
2 0.72265625 0.40689583333333335 0.015625 0.03777083333333333
2 0.78271875 0.3971458333333333 0.014656250000000001 0.033854166666666664
2 0.96778125 0.6582083333333333 0.01171875 0.0481875
