1 0.26390625 0.8002708333333334 0.21200000000000002 0.38160416666666663
2 0.812875 0.7387708333333334 0.0419375 0.15329166666666666
3 0.2109375 0.42083333333333334 0.2109375 0.4583333333333333 0.21875 0.4625 0.2296875 0.4895833333333333 0.23125 0.5479166666666667 0.221875 0.6416666666666667 0.225 0.6729166666666667 0.246875 0.68125 0.2609375 0.65625 0.2765625 0.65 0.3390625 0.6583333333333333 0.3671875 0.6729166666666667 0.3890625 0.7479166666666667 0.403125 0.7541666666666667 0.490625 0.4979166666666667 0.496875 0.42291666666666666 0.51875 0.3645833333333333 0.525 0.31875 0.521875 0.28125 0.51875 0.2708333333333333 0.496875 0.26458333333333334 0.3921875 0.25 0.346875 0.3020833333333333 0.265625 0.2875 0.2609375 0.2916666666666667 0.2640625 0.31666666666666665 0.25625 0.36041666666666666 0.234375 0.4041666666666667 0.2375 0.4166666666666667
3 0.5390625 0.6770833333333334 0.5359375 0.7604166666666666 0.5390625 0.7854166666666667 0.546875 0.79375 0.6234375 0.8166666666666667 0.6890625 0.825 0.7265625 0.8416666666666667 0.7421875 0.7458333333333333 0.740625 0.66875 0.746875 0.65 0.7421875 0.625 0.7484375 0.6104166666666667 0.76875 0.35208333333333336 0.7609375 0.2604166666666667 0.7375 0.15625 0.6109375 0.14166666666666666 0.5859375 0.18125 0.5703125 0.225 0.5625 0.2791666666666667
2 0.4828125 0.5729166666666666 0.4890625 0.625 0.475 0.68125 0.5078125 0.675 0.525 0.6895833333333333 0.5203125 0.65 0.528125 0.5791666666666667 0.5171875 0.49583333333333335 0.5078125 0.46875 0.5078125 0.49375 0.4984375 0.5083333333333333
2 0.7578125 0.5604166666666667 0.7515625 0.63125 0.765625 0.675 0.7734375 0.6791666666666667 0.7859375 0.64375 0.796875 0.5583333333333333 0.7671875 0.5458333333333333
2 0.9046875 0.75 0.9015625 0.78125 0.90625 0.80625 0.9265625 0.86875 0.9359375 0.8666666666666667 0.9421875 0.8541666666666666 0.94375 0.8125 0.9375 0.7729166666666667 0.9515625 0.7666666666666667 0.953125 0.7520833333333333 0.9109375 0.7416666666666667
2 0.8765625 0.8916666666666667 0.8796875 0.9083333333333333 0.86875 0.9270833333333334 0.875 0.9583333333333334 0.8703125 0.99375 0.9109375 0.9979166666666667 0.9234375 0.89375 0.9171875 0.8854166666666666 0.9015625 0.8916666666666667 0.88125 0.8854166666666666
2 0.915625 0.41041666666666665 0.9125 0.4375 0.921875 0.4708333333333333 0.93125 0.475 0.9390625 0.46458333333333335 0.94375 0.39166666666666666 0.93125 0.38125
2 0.81875 0.28125 0.8171875 0.3333333333333333 0.8296875 0.36041666666666666 0.8390625 0.30625 0.828125 0.25833333333333336
2 0.5296875 0.33541666666666664 0.525 0.3958333333333333 0.5328125 0.41875 0.5375 0.40208333333333335 0.553125 0.38958333333333334 0.55625 0.35833333333333334 0.5578125 0.31666666666666665 0.5453125 0.2833333333333333 0.5390625 0.28958333333333336
