2 0.02309375 0.30585416666666665 0.04584375 0.09870833333333334
2 0.1420625 0.31216666666666665 0.032234374999999996 0.0971875
1 0.79459375 0.5300833333333334 0.11690624999999999 0.18989583333333335
1 0.8494999999999999 0.7434583333333333 0.17320312499999999 0.3720208333333333
2 0.07509375 0.3515 0.035640624999999995 0.10627083333333333
2 0.528328125 0.32608333333333334 0.03053125 0.11195833333333334
0 0.08725000000000001 0.1295625 0.174484375 0.200625
3 0.344328125 0.5062916666666667 0.25115625 0.5815625
3 0.61603125 0.5572291666666668 0.188078125 0.5630208333333333
2 0.9166718749999999 0.6395208333333334 0.048609374999999996 0.0969375
2 0.191546875 0.3751666666666667 0.025468750000000002 0.06360416666666667
2 0.21121875 0.20991666666666667 0.012390624999999999 0.04527083333333334
2 0.238328125 0.22008333333333333 0.01496875 0.034604166666666665
2 0.22154687499999998 0.30375 0.0155 0.04497916666666667
