2 0.5125 0.43785416666666666 0.03134375 0.08170833333333333
1 0.4849375 0.2994791666666667 0.090625 0.169625
2 0.7677031249999999 0.9106041666666667 0.070140625 0.13899999999999998
3 0.651109375 0.31952083333333337 0.133328125 0.392
2 0.8125 0.26666666666666666 0.809375 0.32708333333333334 0.821875 0.3645833333333333 0.83125 0.33958333333333335 0.834375 0.2875 0.8234375 0.25416666666666665
2 0.75 0.2916666666666667 0.746875 0.3375 0.7578125 0.3541666666666667 0.7671875 0.30416666666666664 0.7609375 0.28541666666666665
2 0.7609375 0.21875 0.7453125 0.21875 0.7453125 0.225 0.75 0.25416666666666665 0.7625 0.25833333333333336
2 0.778125 0.21875 0.778125 0.25416666666666665 0.7859375 0.2625 0.7953125 0.24375 0.7953125 0.22083333333333333 0.7921875 0.2125
2 0.5671875 0.22291666666666668 0.5640625 0.25416666666666665 0.5703125 0.28958333333333336 0.58125 0.2708333333333333 0.584375 0.22708333333333333 0.5796875 0.20833333333333334
1 0.528125 0.15625 0.528125 0.19791666666666666 0.5359375 0.21875 0.5609375 0.22708333333333333 0.5796875 0.2 0.58125 0.13958333333333334 0.575 0.13125 0.54375 0.13125
