3 0.62953125 0.5643333333333334 0.179453125 0.6792708333333334
3 0.381859375 0.47441666666666665 0.19390625 0.40079166666666666
1 0.7990781250000001 0.49143749999999997 0.11867187500000001 0.1690625
1 0.8047968750000001 0.7426875000000001 0.1383125 0.37243750000000003
2 0.49740624999999994 0.6887083333333333 0.025734374999999997 0.07810416666666667
2 0.5074062500000001 0.5988541666666667 0.028046875 0.09991666666666667
2 0.47339062500000006 0.7614375 0.03228125 0.10585416666666667
2 0.8703125 0.3375 0.028125 0.075
2 0.521875 0.8583333333333333 0.525 0.86875 0.5296875 0.8729166666666667 0.5328125 0.8958333333333334 0.5359375 0.9 0.540625 0.9020833333333333 0.546875 0.8979166666666667 0.5515625 0.8979166666666667 0.5625 0.9041666666666667 0.5640625 0.9083333333333333 0.5671875 0.9729166666666667 0.5578125 0.9791666666666666 0.5515625 0.9791666666666666 0.54375 0.9979166666666667 0.53125 0.9979166666666667 0.528125 0.99375 0.521875 0.99375 0.5203125 0.9916666666666667 0.521875 0.9770833333333333 0.5171875 0.9708333333333333 0.5046875 0.9625 0.5 0.9541666666666667 0.5 0.9479166666666666 0.5046875 0.9354166666666667 0.5046875 0.9270833333333334 0.509375 0.9166666666666666 0.5109375 0.8791666666666667 0.515625 0.8625 0.5203125 0.8583333333333333
2 0.5625 0.9041666666666667 0.5640625 0.90625 0.5671875 0.9729166666666667 0.5625 0.9770833333333333 0.55 0.98125 0.5453125 0.9979166666666667 0.534375 0.9979166666666667 0.5328125 0.9895833333333334 0.534375 0.9854166666666667 0.5265625 0.975 0.521875 0.975 0.5046875 0.9625 0.5015625 0.95625 0.5015625 0.94375 0.5046875 0.9375 0.5078125 0.9208333333333333 0.5140625 0.9104166666666667 0.5125 0.9083333333333333 0.5171875 0.9145833333333333 0.528125 0.9145833333333333 0.5328125 0.9083333333333333 0.5390625 0.90625 0.5421875 0.9020833333333333 0.559375 0.9020833333333333 0.5609375 0.9041666666666667
2 0.2515625 0.48541666666666666 0.253125 0.4875 0.2625 0.48541666666666666 0.2640625 0.4895833333333333 0.271875 0.4895833333333333 0.271875 0.49166666666666664 0.2671875 0.49375 0.275 0.4979166666666667 0.2765625 0.5020833333333333 0.275 0.5083333333333333 0.278125 0.5125 0.2765625 0.5395833333333333 0.275 0.5416666666666666 0.275 0.60625 0.2734375 0.6083333333333333 0.2734375 0.6208333333333333 0.2640625 0.6333333333333333 0.2609375 0.63125 0.2546875 0.6145833333333334 0.2546875 0.6083333333333333 0.2453125 0.5958333333333333 0.24375 0.5854166666666667 0.240625 0.5791666666666667 0.240625 0.54375 0.2546875 0.5041666666666667 0.2546875 0.4979166666666667 0.246875 0.4895833333333333 0.25 0.48541666666666666
2 0.8515625 0.26875 0.8515625 0.27708333333333335 0.8546875 0.28541666666666665 0.8515625 0.3125 0.85 0.3145833333333333 0.8390625 0.3145833333333333 0.8375 0.3125 0.83125 0.31875 0.83125 0.30625 0.8375 0.27291666666666664 0.8390625 0.2708333333333333 0.85 0.2708333333333333
2 0.3421875 0.26458333333333334 0.35 0.2708333333333333 0.3515625 0.28125 0.3390625 0.29583333333333334 0.33125 0.3 0.33125 0.2833333333333333 0.334375 0.26666666666666666 0.340625 0.26458333333333334
2 0.178125 0.2916666666666667 0.184375 0.29583333333333334 0.1890625 0.29583333333333334 0.1984375 0.30625 0.203125 0.30625 0.2046875 0.3229166666666667 0.2015625 0.3416666666666667 0.1953125 0.34791666666666665 0.1859375 0.35 0.178125 0.35625 0.175 0.35208333333333336 0.171875 0.3416666666666667 0.171875 0.3104166666666667 0.1734375 0.30833333333333335 0.1734375 0.29791666666666666 0.1765625 0.29375
2 0.1984375 0.24791666666666667 0.2015625 0.24583333333333332 0.2078125 0.24791666666666667 0.2171875 0.2604166666666667 0.21875 0.26875 0.21875 0.28541666666666665 0.2140625 0.2916666666666667 0.2078125 0.29375 0.20625 0.2916666666666667 0.2078125 0.275 0.1984375 0.25416666666666665 0.1984375 0.25
2 0.609375 0.22083333333333333 0.6125 0.225 0.6140625 0.23333333333333334 0.6109375 0.25 0.5984375 0.25 0.5953125 0.24583333333333332 0.596875 0.22291666666666668 0.6078125 0.22083333333333333
2 0.075 0.43333333333333335 0.0828125 0.4354166666666667 0.09375 0.44583333333333336 0.096875 0.4708333333333333 0.103125 0.4791666666666667 0.109375 0.4791666666666667 0.1109375 0.4875 0.10625 0.4895833333333333 0.0984375 0.5020833333333333 0.08125 0.51875 0.06875 0.5229166666666667 0.0625 0.5229166666666667 0.0609375 0.51875 0.0609375 0.5104166666666666 0.0578125 0.5 0.0578125 0.47291666666666665 0.065625 0.4583333333333333 0.0609375 0.45 0.0625 0.4375 0.065625 0.43333333333333335 0.0734375 0.43333333333333335
2 0.9140625 0.3541666666666667 0.9203125 0.3729166666666667 0.921875 0.4125 0.9171875 0.41458333333333336 0.9140625 0.41041666666666665 0.90625 0.41875 0.9015625 0.41875 0.89375 0.41041666666666665 0.8890625 0.3875 0.8890625 0.36875 0.8984375 0.3541666666666667 0.9125 0.3541666666666667
2 0.9390625 0.70625 0.959375 0.7083333333333334 0.9609375 0.7104166666666667 0.95625 0.7229166666666667 0.95625 0.7354166666666667 0.953125 0.7416666666666667 0.9515625 0.7916666666666666 0.9453125 0.8229166666666666 0.9421875 0.8270833333333333 0.9421875 0.8375 0.9375 0.8645833333333334 0.93125 0.875 0.925 0.875 0.9171875 0.8625 0.9125 0.8479166666666667 0.9109375 0.8145833333333333 0.9078125 0.7979166666666667 0.909375 0.7854166666666667 0.9171875 0.7791666666666667 0.9171875 0.7645833333333333 0.91875 0.7625 0.9171875 0.7354166666666667 0.915625 0.7270833333333333 0.9109375 0.725 0.9109375 0.7208333333333333 0.9140625 0.7166666666666667 0.93125 0.7166666666666667 0.9390625 0.7083333333333334
2 0.4671875 0.5729166666666666 0.4765625 0.5791666666666667 0.478125 0.5958333333333333 0.471875 0.6083333333333333 0.4734375 0.6145833333333334 0.4671875 0.6270833333333333 0.4640625 0.6395833333333333 0.4640625 0.6520833333333333 0.465625 0.6541666666666667 0.4640625 0.6854166666666667 0.459375 0.7020833333333333 0.4546875 0.70625 0.45 0.7166666666666667 0.4515625 0.71875 0.45 0.7229166666666667 0.446875 0.725 0.4359375 0.7229166666666667 0.425 0.7020833333333333 0.425 0.6875 0.4265625 0.6854166666666667 0.425 0.6229166666666667 0.4296875 0.6 0.434375 0.5916666666666667 0.4328125 0.5729166666666666 0.4359375 0.56875 0.45 0.5645833333333333 0.4625 0.56875 0.465625 0.5729166666666666
2 0.246875 0.3 0.2515625 0.3020833333333333 0.2578125 0.3104166666666667 0.2625 0.3375 0.2609375 0.34791666666666665 0.25625 0.3541666666666667 0.2421875 0.3625 0.2390625 0.36041666666666666 0.2375 0.35208333333333336 0.2375 0.32708333333333334 0.240625 0.3145833333333333 0.240625 0.3020833333333333 0.2453125 0.3
2 0.4734375 0.7083333333333334 0.4796875 0.7104166666666667 0.4859375 0.7208333333333333 0.4890625 0.73125 0.49375 0.7354166666666667 0.49375 0.75 0.490625 0.7583333333333333 0.4921875 0.7666666666666667 0.490625 0.76875 0.490625 0.78125 0.4875 0.7875 0.4875 0.7979166666666667 0.496875 0.8166666666666667 0.503125 0.8520833333333333 0.5015625 0.8541666666666666 0.503125 0.8645833333333334 0.496875 0.8791666666666667 0.4890625 0.8895833333333333 0.4890625 0.9041666666666667 0.4859375 0.9145833333333333 0.4875 0.91875 0.4859375 0.9270833333333334 0.4875 0.9375 0.4859375 0.9416666666666667 0.4890625 0.9479166666666666 0.4890625 0.9666666666666667 0.490625 0.96875 0.490625 0.99375 0.4859375 0.9979166666666667 0.425 0.9979166666666667 0.4203125 0.9916666666666667 0.425 0.9583333333333334 0.434375 0.9291666666666667 0.434375 0.9020833333333333 0.428125 0.8854166666666666 0.428125 0.8708333333333333 0.434375 0.8604166666666667 0.434375 0.8375 0.4390625 0.8270833333333333 0.440625 0.8125 0.453125 0.7958333333333333 0.4515625 0.775 0.45625 0.7604166666666666 0.45625 0.7541666666666667 0.4609375 0.7479166666666667 0.4609375 0.7416666666666667 0.4578125 0.7375 0.453125 0.7375 0.4484375 0.7333333333333333 0.4640625 0.7083333333333334 0.471875 0.7083333333333334
1 0.71875 0.44375 0.7171875 0.5041666666666667 0.7265625 0.51875 0.75 0.4041666666666667 0.75625 0.39791666666666664 0.8015625 0.4041666666666667 0.7859375 0.34791666666666665 0.7625 0.3375 0.7359375 0.33958333333333335 0.7234375 0.3854166666666667
1 0.7125 0.2375 0.7109375 0.25833333333333336 0.7203125 0.27291666666666664 0.76875 0.2791666666666667 0.7640625 0.24375 0.75625 0.23125 0.7203125 0.225
1 0.7234375 0.29583333333333334 0.7265625 0.3458333333333333 0.740625 0.33541666666666664 0.78125 0.33958333333333335 0.7671875 0.2833333333333333 0.7359375 0.275 0.728125 0.2791666666666667
1 0.4734375 0.24375 0.4671875 0.26458333333333334 0.4890625 0.30416666666666664 0.4953125 0.36875 0.5125 0.3729166666666667 0.534375 0.325 0.534375 0.2708333333333333 0.528125 0.24375 0.5171875 0.23125 0.496875 0.22708333333333333 0.4828125 0.22916666666666666
1 0.525 0.17291666666666666 0.525 0.19583333333333333 0.55 0.17708333333333334 0.578125 0.19166666666666668 0.58125 0.16041666666666668 0.5703125 0.14791666666666667 0.5421875 0.14166666666666666
1 0.5203125 0.21041666666666667 0.51875 0.22916666666666666 0.5375 0.26875 0.5390625 0.3020833333333333 0.5484375 0.30625 0.559375 0.29583333333333334 0.571875 0.26666666666666666 0.575 0.23541666666666666 0.58125 0.23125 0.5765625 0.19583333333333333 0.56875 0.18125 0.5484375 0.17708333333333334 0.5359375 0.18125
0 0.0625 0.04791666666666667 0.0546875 0.058333333333333334 0 0.07291666666666667 0 0.22916666666666666 0.0640625 0.22083333333333333 0.0765625 0.23125 0.090625 0.2625 0.115625 0.22916666666666666 0.1296875 0.23333333333333334 0.14375 0.15 0.1734375 0.12083333333333333 0.1734375 0.058333333333333334 0.15625 0.03333333333333333
3 0.01875 0.22291666666666668 0 0.23125 0 0.4479166666666667 0.0078125 0.44583333333333336 0.028125 0.39791666666666664 0.059375 0.39791666666666664 0.0671875 0.3875 0.0703125 0.3625 0.0890625 0.3333333333333333 0.08125 0.25 0.0734375 0.22916666666666666 0.0671875 0.22291666666666668
1 0.1328125 0.18333333333333332 0.1328125 0.23958333333333334 0.140625 0.25833333333333336 0.1734375 0.25833333333333336 0.215625 0.2125 0.2125 0.16458333333333333 0.19375 0.13541666666666666 0.1484375 0.14375 0.140625 0.15208333333333332
3 0.3421875 0.08333333333333333 0.334375 0.10416666666666667 0.334375 0.12916666666666668 0.3421875 0.15 0.34375 0.18958333333333333 0.36875 0.2520833333333333 0.378125 0.24583333333333332 0.4 0.2520833333333333 0.4140625 0.21875 0.4296875 0.21666666666666667 0.4375 0.18125 0.4375 0.07291666666666667 0.3921875 0.05 0.3578125 0.0625
