2 0.0903409090909091 0.7931818181818182 0.1806818181818182 0.4056818181818182
3 0.8295454545454546 0.4244318181818182 0.033522727272727273 0.09886363636363636
3 0.09318181818181819 0.24602272727272728 0.023295454545454546 0.06647727272727273
2 0.6846590909090909 0.8789772727272728 0.2255681818181818 0.23863636363636365
3 0.8056818181818182 0.6431818181818182 0.03920454545454546 0.14147727272727273
3 0.24147727272727273 0.19147727272727272 0.015909090909090907 0.04147727272727273
2 0.5869318181818182 0.6755681818181818 0.15454545454545454 0.32386363636363635
3 0.39545454545454545 0.3306818181818182 0.021022727272727273 0.07784090909090909
2 0.17329545454545456 0.5823863636363636 0.1630681818181818 0.3125
3 0.8454545454545455 0.7181818181818181 0.045454545454545456 0.125
3 0.9 0.9068181818181819 0.05625 0.1806818181818182
3 0.18522727272727274 0.18352272727272728 0.014204545454545454 0.06363636363636363
3 0.03579545454545455 0.29602272727272727 0.026704545454545453 0.06363636363636363
3 0.8079545454545455 0.8193181818181818 0.051704545454545454 0.15568181818181817
3 0.21647727272727274 0.8556818181818182 0.07045454545454545 0.26931818181818185
2 0.7295454545454545 0.6573863636363636 0.14204545454545456 0.3096590909090909
3 0.2125 0.15568181818181817 0.01875 0.058522727272727275
3 0.9534090909090909 0.7602272727272728 0.061931818181818185 0.10681818181818181
2 0.4409090909090909 0.39090909090909093 0.11306818181818182 0.15113636363636362
3 0.3255681818181818 0.061931818181818185 0.006818181818181818 0.031818181818181815
3 0.9789772727272728 0.9306818181818182 0.042045454545454546 0.13636363636363635
3 0.20681818181818182 0.9130681818181818 0.051704545454545454 0.17102272727272727
3 0.8420454545454545 0.9477272727272728 0.07840909090909091 0.10397727272727272
3 0.3443181818181818 0.036931818181818184 0.011931818181818182 0.031818181818181815
