2 0.3519375 0.143875 0.0725 0.09852083333333334
2 0.815796875 0.48672916666666666 0.10887500000000001 0.1530625
2 0.8500624999999999 0.7657916666666666 0.14640625000000002 0.44129166666666664
3 0.968875 0.6564166666666666 0.033234375 0.08089583333333333
4 0.65496875 0.5531666666666666 0.190546875 0.5751875
3 0.29009375 0.860125 0.019953125 0.06914583333333332
3 0.258765625 0.8889166666666667 0.02515625 0.04797916666666667
3 0.43289062500000003 0.6316666666666666 0.0206875 0.06725
3 0.37106249999999996 0.9442083333333334 0.036890624999999996 0.07904166666666666
4 0.1625 0.5875 0.1625 0.6125 0.1796875 0.64375 0.178125 0.7291666666666666 0.184375 0.73125 0.21875 0.8083333333333333 0.28125 0.8166666666666667 0.290625 0.7875 0.303125 0.78125 0.3203125 0.7145833333333333 0.334375 0.7104166666666667 0.3453125 0.7229166666666667 0.3625 0.71875 0.375 0.64375 0.40625 0.5604166666666667 0.415625 0.425 0.409375 0.33541666666666664 0.3375 0.32083333333333336 0.3140625 0.32708333333333334 0.2890625 0.31875 0.278125 0.32708333333333334 0.215625 0.4041666666666667 0.2140625 0.49166666666666664 0.1875 0.5625
4 0.3375 0.26458333333333334 0.3390625 0.31875 0.409375 0.33125 0.4140625 0.35069374999999997 0.4109375 0.39375 0.415625 0.425 0.4234375 0.43333333333333335 0.41875 0.5041666666666667 0.425 0.5125 0.4703125 0.38958333333333334 0.4765625 0.22291666666666668 0.4640625 0.20625 0.3828125 0.19375 0.340625 0.24166666666666667
4 0.459375 0.16666666666666666 0.45625 0.19791666666666666 0.4703125 0.20625 0.478125 0.234375 0.4765625 0.275 0.5140625 0.275 0.525 0.25625 0.5328125 0.25625 0.553125 0.20416666666666666 0.5484375 0.19375 0.5515625 0.16458333333333333 0.54375 0.13958333333333334 0.521875 0.125 0.4859375 0.12916666666666668 0.4734375 0.13541666666666666
3 0.3734375 0.7020833333333333 0.3703125 0.7375 0.378125 0.78125 0.3953125 0.7833333333333333 0.4078125 0.7604166666666666 0.425 0.6916666666666667 0.4078125 0.5708333333333333 0.396875 0.5875
3 0.49375 0.5604166666666667 0.4890625 0.6 0.4734375 0.6354166666666666 0.475 0.6541666666666667 0.4828125 0.6645833333333333 0.5046875 0.6708333333333333 0.50625 0.6833333333333333 0.5171875 0.6875 0.540625 0.6416666666666667 0.5421875 0.5791666666666667 0.5328125 0.5625 0.5296875 0.5354166666666667 0.521875 0.5354166666666667 0.5078125 0.5583333333333333
3 0.0765625 0.76875 0.075 0.80625 0.0953125 0.85625 0.0953125 0.8875 0.084375 0.9333333333333333 0.0875 0.94375 0.0984375 0.9270833333333334 0.1125 0.9270833333333334 0.121875 0.9104166666666667 0.109375 0.8166666666666667 0.11875 0.7979166666666667 0.1296875 0.8020833333333334 0.1296875 0.7833333333333333
3 0.109375 0.9708333333333333 0.10625 0.9979166666666667 0.175 0.9979166666666667 0.1828125 0.9520833333333333 0.178125 0.9416666666666667 0.15625 0.9375 0.146875 0.9270833333333334 0.1328125 0.9354166666666667
3 0.1328125 0.8583333333333333 0.1296875 0.9041666666666667 0.1515625 0.9166666666666666 0.171875 0.8791666666666667 0.1703125 0.8541666666666666 0.140625 0.84375
3 0.421875 0.5916666666666667 0.4265625 0.6479166666666667 0.4375 0.65625 0.4484375 0.6520833333333333 0.4578125 0.5916666666666667 0.4296875 0.5833333333333334
3 0.45 0.4666666666666667 0.446875 0.4979166666666667 0.4578125 0.5208333333333334 0.4703125 0.5958333333333333 0.4890625 0.5583333333333333 0.49375 0.47708333333333336 0.4734375 0.4479166666666667 0.4578125 0.4479166666666667
3 0.4875 0.3625 0.4859375 0.38125 0.4765625 0.38958333333333334 0.4796875 0.41458333333333336 0.4921875 0.42916666666666664 0.5 0.425 0.5078125 0.43333333333333335 0.5109375 0.3958333333333333 0.5046875 0.38958333333333334 0.5015625 0.35833333333333334
3 0.5671875 0.3125 0.565625 0.33541666666666664 0.575 0.33958333333333335 0.5796875 0.31666666666666665
2 0.7140625 0.28125 0.7125 0.30625 0.7296875 0.3229166666666667 0.734375 0.3458333333333333 0.746875 0.35208333333333336 0.76875 0.30625 0.765625 0.27291666666666664 0.728125 0.2625
2 0.7109375 0.22291666666666668 0.709375 0.2520833333333333 0.7140625 0.2604166666666667 0.7609375 0.2604166666666667 0.7625 0.23333333333333334 0.7546875 0.20833333333333334 0.7234375 0.21041666666666667
2 0.7125 0.17916666666666667 0.709375 0.22916666666666666 0.715625 0.2125 0.7265625 0.21666666666666667 0.7546875 0.20625 0.7421875 0.17083333333333334 0.7234375 0.16666666666666666
4 0.6328125 0.17708333333333334 0.6328125 0.19791666666666666 0.6671875 0.21458333333333332 0.6703125 0.24791666666666667 0.6859375 0.25416666666666665 0.6953125 0.19166666666666668 0.690625 0.15416666666666667 0.68125 0.14375 0.6578125 0.13958333333333334 0.6421875 0.15208333333333332
2 0.609375 0.22083333333333333 0.609375 0.24791666666666667 0.6703125 0.25416666666666665 0.665625 0.2125 0.659375 0.20625 0.6296875 0.20208333333333334