2 0.844640625 0.736 0.16134375 0.4845
2 0.271671875 0.6319166666666667 0.1900625 0.46447916666666667
2 0.622859375 0.7944375 0.135328125 0.37229166666666663
4 0.51171875 0.24891666666666667 0.107640625 0.22345833333333334
3 0.9715 0.8879583333333334 0.041249999999999995 0.09341666666666668
2 0.41434375 0.524 0.109453125 0.24195833333333333
4 0.650390625 0.43554166666666666 0.095703125 0.22266666666666665
2 0.55078125 0.5852916666666667 0.091796875 0.24870833333333334
3 0.524421875 0.4322916666666667 0.01953125 0.059895833333333336
3 0.57665625 0.39387500000000003 0.016609375000000003 0.058604166666666666
3 0.696296875 0.6940208333333333 0.021484375 0.09114583333333333
3 0.947265625 0.6269583333333333 0.03125 0.07683333333333334
3 0.9809531249999999 0.6660208333333333 0.014656250000000001 0.04558333333333333
2 0.84278125 0.2682291666666667 0.0703125 0.11458333333333333
2 0.747078125 0.28841666666666665 0.06640625 0.13672916666666665
2 0.6538125 0.28450000000000003 0.06153125 0.10547916666666667
2 0.775390625 0.46875 0.076171875 0.18229166666666666
3 0.3774375 0.36522916666666666 0.022468750000000003 0.050791666666666666
3 0.413578125 0.34049999999999997 0.020515625000000003 0.050791666666666666
3 0.654296875 0.5540416666666667 0.017578125 0.05339583333333333