4 0.6584218749999999 0.27358333333333335 0.10112499999999999 0.2597916666666667
2 0.330671875 0.6204791666666666 0.138109375 0.321125
3 0.77959375 0.2888958333333333 0.03309375 0.06829166666666667
2 0.47623437500000004 0.39408333333333334 0.14931250000000001 0.328625
3 0.072046875 0.9085 0.029515625 0.13029166666666667
2 0.6180625 0.7208749999999999 0.13193749999999999 0.3746041666666667
2 0.8307343749999999 0.68075 0.17534375 0.3993333333333334
4 0.6345468750000001 0.4276041666666667 0.123265625 0.2667083333333334
0 0.092296875 0.15052083333333333 0.163765625 0.20975000000000002
3 0.351859375 0.4214583333333334 0.046296875 0.05677083333333333
3 0.578328125 0.3681041666666667 0.028140625000000002 0.035458333333333335
2 0.7595625 0.1839375 0.044921875 0.10708333333333334