1 0.36396875 0.48535416666666664 0.13378125000000002 0.24922916666666667
2 0.299734375 0.9255416666666666 0.056625 0.13320833333333332
1 0.52315625 0.6068541666666667 0.13974999999999999 0.36895833333333333
3 0.44628125 0.29774999999999996 0.13071875 0.21804166666666666
0 0.755859375 0.4075625 0.166015625 0.4557291666666667
2 0.3779375 0.8177083333333334 0.0546875 0.11458333333333333
2 0.96484375 0.6933541666666667 0.025390625 0.058604166666666666
2 0.8960000000000001 0.6354166666666666 0.022468750000000003 0.06770833333333333
2 0.8745156250000001 0.5924583333333333 0.03028125 0.07291666666666667
2 0.9252968750000001 0.4453125 0.018562500000000003 0.049479166666666664
2 0.9223593749999999 0.5358125 0.020499999999999997 0.04816666666666667
2 0.962890625 0.5221458333333333 0.01953125 0.0625
1 0.599609375 0.3098958333333333 0.11328125 0.1953125
2 0.779296875 0.8919374999999999 0.05078125 0.13020833333333334
2 0.88575 0.8320416666666667 0.0234375 0.11197916666666667
