4 0.660203125 0.25645833333333334 0.099203125 0.23481249999999998
2 0.33334375 0.6183541666666666 0.138984375 0.3251666666666667
3 0.33315625 0.11258333333333333 0.021984375 0.049958333333333334
3 0.358984375 0.18602083333333336 0.023734375 0.0850625
3 0.386078125 0.09254166666666667 0.021484375 0.051729166666666666
4 0.124078125 0.35975 0.21598437499999998 0.4049375
3 0.089296875 0.9612708333333334 0.045906249999999996 0.07745833333333334
2 0.828453125 0.7065625 0.16595312499999998 0.38685416666666667
0 0.4756875 0.381375 0.134265625 0.3013333333333333
2 0.617484375 0.7236875 0.165515625 0.37025
2 0.6154531249999999 0.487875 0.130203125 0.22420833333333334
3 0.0555625 0.8475416666666666 0.048609374999999996 0.17502083333333335
2 0.8015000000000001 0.41804166666666664 0.10301562500000001 0.14933333333333335