4 0.629859375 0.565625 0.159640625 0.6197916666666666
2 0.868203125 0.7207083333333333 0.15221875 0.42752083333333335
2 0.391421875 0.6435416666666666 0.151953125 0.3456458333333333
2 0.46917187499999996 0.4202291666666667 0.110421875 0.19252083333333334
3 0.2511875 0.7100000000000001 0.036015625 0.16895833333333332
0 0.7015625 0.13125 0.6984375 0.2875 0.7078125 0.29583333333333334 0.7203125 0.2916666666666667 0.7328125 0.30416666666666664 0.775 0.30416666666666664 0.7828125 0.275 0.7859375 0.22083333333333333 0.7859375 0.15833333333333333 0.7765625 0.12083333333333333 0.778125 0.10208333333333333 0.7140625 0.10208333333333333
2 0.7109375 0.38333333333333336 0.7140625 0.44583333333333336 0.7265625 0.4708333333333333 0.746875 0.4479166666666667 0.75625 0.41458333333333336 0.7890625 0.4041666666666667 0.7828125 0.3416666666666667 0.765625 0.32916666666666666 0.73125 0.32708333333333334 0.7171875 0.35208333333333336
2 0.7375 0.45208333333333334 0.7375 0.59375 0.7421875 0.6208333333333333 0.7515625 0.6333333333333333 0.7776046875 0.6166666666666667 0.7890625 0.61875 0.7953125 0.60625 0.8 0.4979166666666667 0.8125 0.49166666666666664 0.8515625 0.49583333333333335 0.8515625 0.4666666666666667 0.8453125 0.43125 0.7765625 0.41041666666666665 0.7609375 0.41041666666666665 0.753125 0.43333333333333335
2 0.4421875 0.3125 0.4421875 0.33958333333333335 0.4703125 0.32083333333333336 0.5125 0.33125 0.5234375 0.29583333333333334 0.5171875 0.25833333333333336 0.4875 0.24583333333333332 0.46875 0.24791666666666667 0.4546875 0.26875
0 0.490625 0.20208333333333334 0.4875 0.24166666666666667 0.515625 0.25416666666666665 0.521875 0.24583333333333332 0.540625 0.2604166666666667 0.5453125 0.29583333333333334 0.55625 0.29791666666666666 0.5671875 0.25833333333333336 0.5671875 0.15416666666666667 0.55 0.14166666666666666 0.5125 0.14583333333333334 0.5 0.16458333333333333
3 0.5109375 0.55 0.5078125 0.625 0.5015625 0.64375 0.51875 0.65625 0.5375 0.5729166666666666 0.5421875 0.45 0.53125 0.45625 0.5171875 0.5020833333333333
3 0.965625 0.5958333333333333 0.959375 0.6708333333333333 0.9890625 0.70625 0.996875 0.5979166666666667 0.9796875 0.5791666666666667
3 0.9203125 0.46875 0.9203125 0.5145833333333333 0.9453125 0.56875 0.9578125 0.5333333333333333 0.959375 0.475 0.9515625 0.46041666666666664
3 0.821875 0.38333333333333336 0.8203125 0.41458333333333336 0.84375 0.42916666666666664 0.8484375 0.4 0.8390625 0.3625 0.83125 0.36041666666666666
3 0.1078125 0.8416666666666667 0.103125 0.8729166666666667 0.1078125 0.8916666666666667 0.103125 0.9375 0.10625 0.9958333333333333 0.18125 0.99375 0.184375 0.925 0.178125 0.91875 0.1734375 0.83125 0.146875 0.7229166666666667 0.1328125 0.73125 0.1296875 0.7791666666666667