1 0.577140625 0.7304583333333333 0.156375 0.41231249999999997
1 0.286015625 0.6956875 0.16025 0.329125
1 0.36784374999999997 0.46997916666666667 0.1264375 0.21408333333333335
1 0.653609375 0.5070416666666666 0.112171875 0.20420833333333333
1 0.188640625 0.9178958333333332 0.239734375 0.15697916666666664
1 0.43062500000000004 0.33060416666666664 0.0998125 0.10016666666666667
1 0.8498749999999999 0.7063958333333333 0.151234375 0.39066666666666666
1 0.65696875 0.350625 0.067453125 0.12885416666666666
2 0.865796875 0.4696666666666667 0.027796875 0.06102083333333333
2 0.8171875 0.18125 0.81875 0.18333333333333332 0.81875 0.2 0.8171875 0.21041666666666667 0.8140625 0.21666666666666667 0.8078125 0.21666666666666667 0.8046875 0.2125 0.8046875 0.19166666666666668 0.8078125 0.18333333333333332 0.815625 0.18125
2 0.534375 0 0.540625 0 0.540625 0.010416666666666666 0.5390625 0.0125 0.5359375 0.0125 0.534375 0.0020833333333333333
2 0.4796875 0.04479166666666667 0.0125 0.03125
2 0.615625 0.32083333333333336 0.621875 0.32916666666666666 0.6203125 0.35208333333333336 0.61875 0.3541666666666667 0.6203125 0.35833333333333334 0.61875 0.3770833333333333 0.615625 0.38958333333333334 0.6125 0.39375 0.596875 0.39791666666666664 0.590625 0.39791666666666664 0.5859375 0.39375 0.5875 0.3645833333333333 0.5921875 0.35625 0.5953125 0.32708333333333334 0.6 0.31875 0.6078125 0.3145833333333333 0.6140625 0.32083333333333336
2 0.8484375 0.23125 0.8578125 0.24375 0.8578125 0.275 0.8546875 0.28541666666666665 0.8515625 0.2875 0.8484375 0.28541666666666665 0.840625 0.2708333333333333 0.840625 0.2604166666666667 0.8484375 0.23333333333333334
2 0.85 0.4041666666666667 0.859375 0.4041666666666667 0.8609375 0.40625 0.85625 0.41458333333333336 0.85625 0.425 0.859375 0.43333333333333335 0.865625 0.43125 0.86875 0.42083333333333334 0.86875 0.425 0.871875 0.42916666666666664 0.8796875 0.43125 0.8828125 0.4375 0.8828125 0.4479166666666667 0.8765625 0.46041666666666664 0.878125 0.47708333333333336 0.875 0.4979166666666667 0.8734375 0.5 0.85625 0.4979166666666667 0.8546875 0.49583333333333335 0.85625 0.46458333333333335 0.8515625 0.44375 0.85 0.40625
2 0.8328125 0.21875 0.8421875 0.21875 0.846875 0.23333333333333334 0.8453125 0.2520833333333333 0.8421875 0.25833333333333336 0.840625 0.2708333333333333 0.8375 0.27291666666666664 0.834375 0.2708333333333333 0.8296875 0.26458333333333334 0.828125 0.25833333333333336 0.828125 0.24375 0.8328125 0.22083333333333333
2 0.875 0.44375 0.8796875 0.4479166666666667 0.8796875 0.45208333333333334 0.8765625 0.4583333333333333 0.878125 0.47708333333333336 0.8765625 0.4791666666666667 0.8765625 0.49375 0.8734375 0.5 0.85625 0.4979166666666667 0.8546875 0.49375 0.85625 0.48333333333333334 0.8546875 0.44583333333333336 0.8640625 0.44166666666666665 0.871875 0.44166666666666665 0.8734375 0.44375
1 0.7296875 0.4979166666666667 0.728125 0.5833333333333334 0.7359375 0.6395833333333333 0.7421875 0.65625 0.7546875 0.6583333333333333 0.7671875 0.5625 0.76875 0.5 0.8390625 0.5041666666666667 0.8109375 0.425 0.775 0.41458333333333336 0.7578125 0.4166666666666667 0.7390625 0.44583333333333336
1 0.7203125 0.375 0.71875 0.4375 0.728125 0.4895833333333333 0.7515625 0.42083333333333334 0.8140625 0.41458333333333336 0.79375 0.36041666666666666 0.7328125 0.34791666666666665
1 0.721875 0.32083333333333336 0.721875 0.38333333333333336 0.7390625 0.34791666666666665 0.7625 0.34791666666666665 0.7921875 0.36041666666666666 0.8015625 0.3375 0.7796875 0.275 0.7578125 0.2604166666666667 0.740625 0.2625 0.7296875 0.275
3 0.7015625 0.20416666666666666 0.6984375 0.30833333333333335 0.7015625 0.32708333333333334 0.7203125 0.32708333333333334 0.7296875 0.275 0.7609375 0.2604166666666667 0.759375 0.2125 0.746875 0.20208333333333334
1 0.6265625 0.22916666666666666 0.6203125 0.2875 0.6734375 0.29583333333333334 0.6703125 0.23125 0.65 0.225
0 0.45 0.2520833333333333 0.446875 0.27708333333333335 0.4890625 0.34791666666666665 0.4890625 0.36875 0.5109375 0.3854166666666667 0.5265625 0.33541666666666664 0.534375 0.26458333333333334 0.5265625 0.21875 0.5140625 0.20833333333333334 0.48125 0.20208333333333334 0.4609375 0.22291666666666668