1 0.338796875 0.677625 0.19242187500000002 0.42002083333333334
1 0.8095000000000001 0.7637291666666666 0.1474375 0.33058333333333334
1 0.74209375 0.22668750000000001 0.05298437499999999 0.12791666666666665
2 0.9093125000000001 0.44377083333333334 0.021484375 0.07010416666666666
3 0.42970312499999996 0.38737499999999997 0.24743750000000003 0.5211666666666667
2 0.8211718749999999 0.29783333333333334 0.01859375 0.054875
1 0.76346875 0.3511875 0.0744375 0.128
2 0.846875 0.5270833333333333 0.846875 0.5854166666666667 0.859375 0.6 0.871875 0.5541666666666667 0.8734375 0.5083333333333333 0.86875 0.49583333333333335 0.8515625 0.5
2 0.8828125 0.5520833333333334 0.878125 0.61875 0.8828125 0.6479166666666667 0.8984375 0.6604166666666667 0.903125 0.6791666666666667 0.903125 0.6520833333333333 0.9109375 0.6395833333333333 0.921875 0.5729166666666666 0.921875 0.5479166666666667 0.9125 0.5270833333333333 0.909375 0.49583333333333335 0.9 0.49583333333333335
2 0.91875 0.6395833333333333 0.915625 0.7541666666666667 0.934375 0.80625 0.946875 0.8104166666666667 0.9546875 0.74375 0.975 0.69375 0.946875 0.5916666666666667 0.9375 0.59375
2 0.953125 0.58125 0.9546875 0.61875 0.9609375 0.63125 0.9703125 0.6333333333333333 0.98125 0.6083333333333333 0.9734375 0.5604166666666667 0.9625 0.5625
2 0.934375 0.475 0.9328125 0.5354166666666667 0.9453125 0.5729166666666666 0.9609375 0.4875 0.9515625 0.4625
2 0.8671875 0.33958333333333335 0.8640625 0.36875 0.8859375 0.42083333333333334 0.8984375 0.375 0.8859375 0.32708333333333334 0.8765625 0.325
3 0.5125 0.6604166666666667 0.5125 0.6791666666666667 0.525 0.69375 0.51875 0.7020833333333333 0.5171875 0.75625 0.509375 0.7625 0.5078125 0.81875 0.521875 0.8833333333333333 0.603125 0.9083333333333333 0.6640625 0.9 0.690625 0.7916666666666666 0.70625 0.575 0.7015625 0.4354166666666667 0.6921875 0.38958333333333334 0.678125 0.3625 0.59375 0.35208333333333336 0.5640625 0.3854166666666667 0.5484375 0.4270833333333333 0.546875 0.5125
1 0.728125 0.4375 0.7171875 0.47291666666666665 0.7265625 0.6208333333333333 0.7375 0.6291666666666667 0.74375 0.60625 0.7765625 0.59375 0.834375 0.6020833333333333 0.8328125 0.5125 0.80625 0.4041666666666667 0.746875 0.38958333333333334
2 0.9765625 0.68125 0.9734375 0.7416666666666667 0.9984375 0.7583333333333333 0.9984375 0.5875 0.984375 0.6020833333333333
2 0.8015625 0.32708333333333334 0.8046875 0.39375 0.815625 0.4 0.8203125 0.33958333333333335 0.8109375 0.31875
2 0.5671875 0.18333333333333332 0.5703125 0.22708333333333333 0.578125 0.19166666666666668
