2 0.788734375 0.61275 0.116359375 0.30885416666666665
2 0.6115781250000001 0.7161666666666666 0.154 0.39347916666666666
3 0.8765625 0.44906250000000003 0.019359375 0.07331249999999999
3 0.770234375 0.40839583333333335 0.018984375 0.07806249999999999
3 0.79759375 0.2956041666666666 0.016546875 0.059041666666666666
3 0.81853125 0.42895833333333333 0.02096875 0.04816666666666667
3 0.74378125 0.36131250000000004 0.01471875 0.05972916666666667
3 0.8286875 0.35441666666666666 0.018046875 0.046187500000000006
0 0.41345312500000003 0.276125 0.20270312499999998 0.41729166666666667
3 0.116015625 0.178375 0.0225625 0.035145833333333334
2 0.4194375 0.6237083333333333 0.15721875000000002 0.3463541666666667
3 0.531734375 0.6145833333333334 0.028328125 0.07552083333333333
3 0.534671875 0.4817708333333333 0.01075 0.041666666666666664
3 0.722171875 0.5227916666666667 0.014656250000000001 0.06641666666666667
3 0.8911093749999999 0.6106874999999999 0.028328125 0.08333333333333333
3 0.96875 0.6178333333333333 0.017578125 0.10547916666666667
3 0.9184531249999999 0.6953125 0.03028125 0.07291666666666667
3 0.8779375 0.8007916666666667 0.033203125 0.125
3 0.8500937499999999 0.49804166666666666 0.01075 0.04558333333333333
3 0.91015625 0.49414583333333334 0.01953125 0.0481875
3 0.9331093750000001 0.4544375 0.014656250000000001 0.036458333333333336
3 0.7680625 0.28710416666666666 0.012703125000000001 0.035166666666666666
3 0.741703125 0.30272916666666666 0.014656250000000001 0.04558333333333333
3 0.52196875 0.3385416666666667 0.026375 0.046875
3 0.56640625 0.35481250000000003 0.017578125 0.04558333333333333
3 0.571296875 0.24283333333333335 0.009765625 0.05339583333333333
3 0.578609375 0.290375 0.004890625 0.036458333333333336
2 0.640140625 0.4895833333333333 0.09864062500000001 0.1640625
0 0.41345312500000003 0.27743749999999995 0.20270312499999998 0.41729166666666667
3 0.94434375 0.5481874999999999 0.015625 0.057291666666666664
4 0.41345312500000003 0.27743749999999995 0.20270312499999998 0.41729166666666667