4 0.60440625 0.6095624999999999 0.1990625 0.7095
2 0.412046875 0.4745 0.133078125 0.24481250000000002
3 0.046609374999999995 0.9021458333333333 0.06046875 0.1375
3 0.759859375 0.32093750000000004 0.013984374999999999 0.04004166666666666
3 0.12865625 0.7759791666666668 0.0375 0.09091666666666667
3 0.774015625 0.45916666666666667 0.015765625 0.06416666666666666
3 0.726546875 0.6578541666666666 0.037203125 0.08947916666666668
3 0.9440468750000001 0.8813541666666667 0.04025 0.17066666666666666
3 0.73346875 0.3359375 0.013328125 0.05275
3 0.77265625 0.36320833333333336 0.019390625 0.07097916666666666
3 0.8686718750000001 0.40760416666666666 0.015328125000000001 0.04920833333333333
3 0.171875 0.6940208333333333 0.02734375 0.09635416666666667
3 0.236328125 0.6041666666666666 0.029296875 0.06770833333333333
3 0.44140625 0.8190208333333333 0.046875 0.12760416666666666
3 0.793453125 0.7122499999999999 0.018562500000000003 0.08333333333333333
3 0.872078125 0.78125 0.048828125 0.09635416666666667
3 0.90625 0.6041666666666666 0.01953125 0.06510416666666667
3 0.95703125 0.5260416666666666 0.025390625 0.08854166666666667
3 0.8247031249999999 0.5709583333333333 0.016609375000000003 0.04558333333333333
3 0.746578125 0.5403749999999999 0.016609375000000003 0.036458333333333336
3 0.78271875 0.5084583333333333 0.008796875 0.02735416666666667
3 0.8950156249999999 0.37564583333333335 0.016609375000000003 0.050791666666666666
3 0.8100625000000001 0.2734375 0.020515625000000003 0.0390625
3 0.730953125 0.4609375 0.012703125000000001 0.041666666666666664