3 0.34167187499999996 0.6045625 0.242390625 0.6006874999999999
1 0.6112656249999999 0.46829166666666666 0.12065624999999999 0.24158333333333332
1 0.790734375 0.3906041666666667 0.09878125 0.20304166666666665
1 0.5419375 0.21464583333333334 0.06628125 0.14095833333333332
2 0.9758281249999999 0.9160833333333334 0.048343750000000005 0.08800000000000001
2 0.7273125 0.37675000000000003 0.030859375 0.09345833333333334
2 0.361234375 0.15816666666666668 0.022515625 0.0580625
1 0.784890625 0.16683333333333333 0.04334375 0.06977083333333334
2 0.8546875 0.5916666666666667 0.8484375 0.6083333333333333 0.8484375 0.64375 0.86875 0.68125 0.8796875 0.6708333333333333 0.88125 0.5979166666666667 0.8703125 0.5895833333333333
2 0.9625 0.5020833333333333 0.965625 0.5875 0.984375 0.6041666666666666 0.9984375 0.5625 0.9984375 0.47291666666666665 0.9875 0.4375 0.978125 0.4375
2 0.903125 0.7020833333333333 0.90625 0.7604166666666666 0.9 0.7854166666666667 0.8984375 0.8458333333333333 0.9125 0.8791666666666667 0.925 0.8875 0.934375 0.875 0.9328125 0.8458333333333333 0.9421875 0.8208333333333333 0.946875 0.7479166666666667 0.959375 0.7416666666666667 0.9640625 0.7125 0.9375 0.6375 0.928125 0.6416666666666667
2 0.515625 0.41875 0.509375 0.4708333333333333 0.5140625 0.5041666666666667 0.521875 0.5104166666666666 0.5359375 0.4895833333333333 0.5375 0.41875 0.528125 0.4083333333333333
3 0.4 0.22916666666666666 0.3953125 0.30625 0.3765625 0.34375 0.4703125 0.375 0.465625 0.42083333333333334 0.46875 0.47708333333333336 0.4953125 0.40625 0.5046875 0.3333333333333333 0.50625 0.2125 0.4828125 0.19791666666666666 0.428125 0.19583333333333333
1 0.028125 0.8020833333333334 0 0.825 0 0.9979166666666667 0.2171875 0.9979166666666667 0.2265625 0.9708333333333333 0.2265625 0.8625 0.1640625 0.8416666666666667 0.1609375 0.825 0.1453125 0.8125 0.1140625 0.8145833333333333 0.0953125 0.8395833333333333 0.0875 0.8395833333333333 0.071875 0.8291666666666667 0.071875 0.7958333333333333 0.059375 0.80625
1 0.63125 0.2833333333333333 0.6203125 0.34375 0.6546875 0.36041666666666666 0.6609375 0.37916666666666665 0.6890625 0.39791666666666664 0.6984375 0.36875 0.7015625 0.325 0.696875 0.24375 0.684375 0.23333333333333334 0.65 0.23125
1 0.6140625 0.16041666666666668 0.6125 0.21458333333333332 0.6046875 0.24375 0.6296875 0.27708333333333335 0.6453125 0.23333333333333334 0.6625 0.22708333333333333 0.671875 0.19166666666666668 0.66875 0.15625 0.625 0.14583333333333334
1 0.7046875 0.2 0.7015625 0.23541666666666666 0.721875 0.24791666666666667 0.73125 0.22083333333333333 0.7453125 0.2125 0.7484375 0.18125 0.721875 0.17083333333333334
1 0.7296875 0.23125 0.7265625 0.28958333333333336 0.7578125 0.3125 0.7703125 0.28958333333333336 0.7828125 0.2833333333333333 0.7796875 0.23125 0.775 0.22083333333333333 0.7453125 0.21458333333333332 0.7375 0.21458333333333332
