2 0.20945312500000002 0.7622291666666666 0.179421875 0.39725
4 0.63628125 0.4226875 0.15332812499999998 0.3032083333333333
2 0.73378125 0.7654583333333334 0.17996875 0.3428125
3 0.8343906249999999 0.5402916666666666 0.027015624999999998 0.10039583333333332
3 0.91596875 0.6179583333333334 0.032984374999999996 0.11277083333333333
3 0.493171875 0.5520833333333334 0.032859375 0.10489583333333334
3 0.507015625 0.45739583333333333 0.03290625 0.09375
3 0.33265625 0.9472708333333333 0.067484375 0.1054375
3 0.065609375 0.18837500000000001 0.039875 0.06377083333333333
0 0.42821875 0.3203125 0.18651562500000002 0.390625
3 0.429203125 0.6744791666666666 0.040046874999999996 0.08333333333333333
3 0.4404375 0.847 0.048828125 0.14454166666666665
2 0.765625 0.40625 0.06640625 0.15104166666666666
3 0.8256875000000001 0.39779166666666665 0.008796875 0.06641666666666667
3 0.891609375 0.41081249999999997 0.01953125 0.05339583333333333
3 0.8120156250000001 0.33397916666666666 0.022468750000000003 0.056
3 0.54590625 0.36262500000000003 0.025390625 0.058604166666666666
3 0.523921875 0.4427083333333333 0.022468750000000003 0.059895833333333336
3 0.87109375 0.7506458333333333 0.037109375 0.11589583333333334
3 0.9125937499999999 0.8932291666666666 0.032234374999999996 0.09375
3 0.9799843750000001 0.6809999999999999 0.024421875000000003 0.052083333333333336
3 0.9921875 0.5800833333333333 0.013671875 0.0325625
3 0.852546875 0.47200000000000003 0.0234375 0.0481875