2 0.648296875 0.43020833333333336 0.091421875 0.19441666666666665
2 0.5677187499999999 0.5411041666666667 0.12456249999999999 0.281625
2 0.434921875 0.3158958333333333 0.10132812499999999 0.139625
2 0.763625 0.4292916666666667 0.087296875 0.14737499999999998
0 0.491875 0.1981875 0.11109374999999999 0.24322916666666666
4 0.040625 0.5354166666666667 0 0.5791666666666667 0 0.9979166666666667 0.3125 0.9979166666666667 0.3421875 0.9083333333333333 0.3609375 0.89375 0.3671875 0.8395833333333333 0.384375 0.8208333333333333 0.3953125 0.7666666666666667 0.4 0.6520833333333333 0.378125 0.6166666666666667 0.4078125 0.5458333333333333 0.4140625 0.4583333333333333 0.4078125 0.4083333333333333 0.39375 0.37083333333333335 0.3796875 0.35833333333333334 0.3578125 0.31666666666666665 0.2890625 0.3020833333333333 0.26875 0.30625 0.2421875 0.3416666666666667
2 0.4078125 0.38958333333333334 0.415625 0.5 0.3828125 0.6020833333333333 0.38125 0.6229166666666667 0.415625 0.6416666666666667 0.453125 0.6416666666666667 0.465625 0.5979166666666667 0.49375 0.5458333333333333 0.5015625 0.42083333333333334 0.4828125 0.36875 0.43125 0.36666666666666664
3 0.4078125 0.7645833333333333 0.4140625 0.7895833333333333 0.4078125 0.8104166666666667 0.4046875 0.88125 0.4171875 0.9354166666666667 0.428125 0.9375 0.4546875 0.88125 0.453125 0.7979166666666667 0.4625 0.7645833333333333 0.434375 0.75 0.409375 0.7541666666666667
3 0.8640625 0.49375 0.8625 0.5125 0.8921875 0.5583333333333333 0.896875 0.49583333333333335
2 0.90625 0.5229166666666667 0.9015625 0.5625 0.928125 0.7541666666666667 0.9421875 0.7854166666666667 0.9875 0.7958333333333333 0.9984375 0.7895833333333333 0.9984375 0.5270833333333333 0.975 0.5020833333333333 0.95 0.49375 0.925 0.49375
2 0.778125 0.24166666666666667 0.7765625 0.2604166666666667 0.7859375 0.28125 0.7921875 0.32916666666666666 0.853125 0.33125 0.85625 0.3104166666666667 0.85 0.26458333333333334 0.8265625 0.2125 0.7921875 0.20208333333333334
2 0.6328125 0.225 0.615625 0.25625 0.625 0.26666666666666666 0.6671875 0.2791666666666667 0.6703125 0.3145833333333333 0.6765625 0.325 0.684375 0.2520833333333333 0.6703125 0.22916666666666666
2 0.596875 0.32708333333333334 0.6046875 0.39375 0.61875 0.3458333333333333 0.6364578125 0.3333333333333333 0.675 0.3375 0.665625 0.2791666666666667 0.63125 0.26875 0.6140625 0.2708333333333333
4 0.7203125 0.6166666666666667 0.715625 0.6854166666666667 0.7234375 0.8416666666666667 0.73125 0.8583333333333333 0.7265625 0.9979166666666667 0.915625 0.9979166666666667 0.9140625 0.93125 0.9234375 0.90625 0.9515625 0.9145833333333333 0.95625 0.86875 0.9515625 0.8604166666666667 0.9421875 0.8645833333333334 0.915625 0.8354166666666667 0.9109375 0.71875 0.9171875 0.6770833333333334 0.8875 0.55625 0.871875 0.5291666666666667 0.84375 0.5145833333333333 0.775 0.5 0.7359375 0.5
3 0.7609375 0.33125 0.7625 0.35833333333333334 0.7765625 0.37083333333333335 0.784375 0.31875 0.76875 0.30625
3 0.5734375 0.22083333333333333 0.575 0.28541666666666665 0.5765625 0.29583333333333334 0.5828125 0.29583333333333334 0.59375 0.24166666666666667 0.5859375 0.19583333333333333