2 0.25953125 0.7649166666666667 0.182015625 0.3827291666666667
2 0.6289687500000001 0.5081875 0.09210937500000001 0.22820833333333335
3 0.518171875 0.6861041666666666 0.0376875 0.122875
3 0.9301718749999999 0.6340833333333333 0.03403125 0.11822916666666666
3 0.7305625 0.560625 0.029281249999999998 0.11268750000000001
3 0.35440625 0.5751041666666666 0.03478125 0.09647916666666667
3 0.46459374999999997 0.46370833333333333 0.031359375 0.07520833333333334
3 0.8451875 0.39904166666666663 0.019953125 0.05370833333333334
3 0.8635781250000001 0.702375 0.031109375 0.12070833333333333
3 0.9315468750000001 0.5257708333333333 0.014921875000000001 0.0548125
3 0.534765625 0.5716875 0.0225625 0.11652083333333334
3 0.410640625 0.625 0.026375 0.109375
3 0.275390625 0.5670625 0.0234375 0.05339583333333333
3 0.38575 0.4049583333333333 0.01953125 0.078125
3 0.318359375 0.49543750000000003 0.03125 0.10287500000000001
3 0.5288125 0.4479166666666667 0.03028125 0.07552083333333333
3 0.782234375 0.8086041666666667 0.033203125 0.14583333333333334
3 0.9174843750000001 0.7884166666666667 0.049812499999999996 0.13933333333333334
3 0.8481406249999999 0.96875 0.040046874999999996 0.0625
3 0.985359375 0.6666666666666666 0.029296875 0.078125
3 0.951171875 0.5273541666666667 0.015625 0.0859375
3 0.8803750000000001 0.45897916666666666 0.024421875000000003 0.06120833333333333
3 0.92578125 0.4648541666666667 0.015625 0.059895833333333336
3 0.81934375 0.5318958333333333 0.025390625 0.07683333333333334
2 0.762203125 0.359375 0.07910937500000001 0.15104166666666666
2 0.654296875 0.3541666666666667 0.068359375 0.1484375
2 0.6430625 0.24089583333333334 0.041999999999999996 0.07291666666666667
2 0.488765625 0.30533333333333335 0.07323437499999999 0.14191666666666666
2 0.564453125 0.3580833333333333 0.021484375 0.052083333333333336
3 0.4404375 0.8893333333333333 0.0546875 0.15364583333333334
3 0.71778125 0.3151041666666667 0.021484375 0.0703125
3 0.825203125 0.35612499999999997 0.013671875 0.04558333333333333
3 0.8715781249999999 0.38606250000000003 0.024421875000000003 0.056
3 0.8984375 0.38216666666666665 0.021484375 0.042979166666666666
2 0.552734375 0.20833333333333334 0.056640625 0.1015625