3 0.688328125 0.4529375 0.13584374999999999 0.3186458333333333
3 0.83109375 0.44854166666666667 0.11840625 0.28558333333333336
1 0.851359375 0.7218958333333333 0.13543750000000002 0.33847916666666666
1 0.641921875 0.7605833333333333 0.144171875 0.34600000000000003
1 0.19846875 0.8364791666666667 0.24401562499999999 0.3262083333333334
1 0.32115625 0.5892708333333334 0.167015625 0.29460416666666667
2 0.577359375 0.5645208333333334 0.020828125 0.1000625
2 0.554515625 0.7107500000000001 0.03453125 0.10995833333333334
3 0.403125 0.3145833333333333 0.4078125 0.35833333333333334 0.4859375 0.35625 0.50625 0.3875 0.534375 0.3125 0.5375 0.25416666666666665 0.528125 0.16875 0.4515625 0.16041666666666668 0.434375 0.17708333333333334 0.4234375 0.19166666666666668
1 0.39375 0.43125 0.390625 0.45 0.4 0.46041666666666664 0.4171875 0.5083333333333333 0.41875 0.5916666666666667 0.428125 0.5979166666666667 0.44375 0.575 0.459375 0.5708333333333333 0.4703125 0.5770833333333333 0.484375 0.6020833333333333 0.484375 0.5708333333333333 0.4921875 0.54375 0.4859375 0.5208333333333334 0.5109375 0.48333333333333334 0.5046875 0.39791666666666664 0.4921875 0.36666666666666664 0.4625 0.35625 0.4265625 0.36666666666666664
2 0.4984375 0.5479166666666667 0.490625 0.6354166666666666 0.5015625 0.6708333333333333 0.5109375 0.6520833333333333 0.525 0.65 0.5265625 0.5770833333333333 0.5375 0.5458333333333333 0.5015625 0.5416666666666666
2 0.4046875 0.675 0.4078125 0.7208333333333333 0.41875 0.71875 0.4734375 0.7541666666666667 0.4828125 0.7458333333333333 0.4859375 0.675 0.4703125 0.5791666666666667 0.459375 0.5729166666666666 0.4453125 0.5770833333333333 0.43125 0.60625 0.421875 0.6520833333333333 0.4125 0.65625
1 0.5484375 0.15833333333333333 0.546875 0.23541666666666666 0.578125 0.24166666666666667 0.5875 0.21041666666666667 0.5828125 0.15833333333333333
1 0.7328125 0.21458333333333332 0.73125 0.25833333333333336 0.76328125 0.2604166666666667 0.7859375 0.29583333333333334 0.7890625 0.22916666666666666 0.7640625 0.21458333333333332
3 0.621875 0.14791666666666667 0.621875 0.21041666666666667 0.6265625 0.21875 0.68125 0.22916666666666666 0.69375 0.16875 0.6890625 0.14791666666666667 0.65625 0.12083333333333333 0.640625 0.125
