2 0.64934375 0.7403125 0.133921875 0.4078541666666667
2 0.641734375 0.3134166666666667 0.05923437499999999 0.145125
2 0.506859375 0.444625 0.087046875 0.21210416666666668
2 0.31971875 0.6584791666666666 0.167609375 0.33075
3 0.9632968749999999 0.9484583333333333 0.047375 0.09366666666666666
3 0.9385 0.6797291666666666 0.030453124999999998 0.10297916666666666
3 0.7406875 0.4006458333333333 0.01634375 0.05495833333333333
3 0.917984375 0.5870833333333334 0.015984375000000002 0.07245833333333333
2 0.030546875 0.5935625000000001 0.061078125000000004 0.1710625
3 0.8146718749999999 0.42716666666666664 0.0155 0.05622916666666666
3 0.7664375 0.35058333333333336 0.015078125000000001 0.0418125
3 0.904109375 0.498375 0.02040625 0.06833333333333333