3 0.9204062499999999 0.643875 0.051765625 0.1731875
2 0.79296875 0.69075 0.13671875 0.290375
2 0.772953125 0.4596458333333333 0.102546875 0.17708333333333334
2 0.320796875 0.6139375 0.14746874999999998 0.35025
4 0.39746875 0.40820833333333334 0.130859375 0.2174375
2 0.607421875 0.6875 0.14453125 0.3020833333333333
4 0.64990625 0.2799583333333333 0.108390625 0.2552083333333333
3 0.52246875 0.3489583333333333 0.0234375 0.08854166666666667
3 0.4975625 0.4270833333333333 0.028328125 0.109375
3 0.5498125 0.45116666666666666 0.025390625 0.09506250000000001
3 0.3461875 0.143875 0.036140624999999996 0.07160416666666666