3 0.61509375 0.6017291666666666 0.181875 0.5694374999999999
1 0.32404687499999996 0.6360625 0.17725 0.39422916666666663
1 0.46381249999999996 0.2521041666666667 0.067078125 0.10235416666666668
3 0.65303125 0.23052083333333334 0.10271875 0.2665625
1 0.8795624999999999 0.72175 0.15990625 0.39997916666666666
1 0.54515625 0.26091666666666663 0.07540625 0.12827083333333333
2 0.8661875 0.44758333333333333 0.019796875 0.06875
1 0.8113125 0.20633333333333334 0.056437499999999995 0.098625
3 0.161953125 0.21908333333333332 0.099953125 0.1745625
1 0.7967187499999999 0.5212083333333334 0.1130625 0.28833333333333333
1 0.40559375 0.4375 0.118484375 0.19791666666666666
3 0.75 0.25954166666666667 0.072921875 0.14410416666666667
