3 0.6505468750000001 0.27875 0.146375 0.37466666666666665
2 0.48448437499999997 0.7017291666666666 0.046515625 0.14704166666666665
1 0.8647031249999999 0.6946458333333333 0.1328125 0.295
2 0.37803125 0.6326875 0.043515625 0.1459375
1 0.655078125 0.5826250000000001 0.12825 0.31522916666666667
2 0.854109375 0.4893958333333333 0.028468749999999998 0.09581250000000001
2 0.217390625 0.8134374999999999 0.06393750000000001 0.17450000000000002
3 0.4703125 0.13541666666666666 0.4703125 0.14791666666666667 0.4796875 0.15 0.4796875 0.18541666666666667 0.4671875 0.25833333333333336 0.4703125 0.275 0.4796875 0.27708333333333335 0.490625 0.25416666666666665 0.5 0.25416666666666665 0.53125 0.2625 0.54375 0.2708333333333333 0.55 0.28958333333333336 0.5578125 0.2875 0.584375 0.14375 0.58125 0.10416666666666667 0.56875 0.06458333333333334 0.5421875 0.04375 0.5140625 0.06458333333333334 0.490625 0.07083333333333333 0.490625 0.10625
2 0.940625 0.5145833333333333 0.9375 0.5916666666666667 0.959375 0.63125 0.9703125 0.59375 0.9734375 0.525 0.9578125 0.49166666666666664 0.9484375 0.49166666666666664
2 0.778125 0.43125 0.775 0.4875 0.7859375 0.47708333333333336 0.80625 0.5125 0.8140625 0.5145833333333333 0.8125 0.45 0.7953125 0.38958333333333334 0.7890625 0.39375
2 0.7296875 0.7895833333333333 0.73125 0.825 0.721875 0.8625 0.740625 0.8979166666666667 0.7609375 0.8583333333333333 0.771875 0.8020833333333334 0.76875 0.75 0.75625 0.725 0.746875 0.73125 0.746875 0.7458333333333333
2 0.9109375 0.4125 0.9078125 0.4395833333333333 0.9203125 0.4625 0.921875 0.42291666666666666
2 0.9015625 0.44583333333333336 0.8953125 0.45 0.8953125 0.47291666666666665 0.903125 0.50625 0.909375 0.5104166666666666 0.9125 0.4625 0.909375 0.4479166666666667
2 0.8078125 0.32083333333333336 0.803125 0.37083333333333335 0.8140625 0.39791666666666664 0.8234375 0.3854166666666667 0.828125 0.34791666666666665 0.81875 0.3145833333333333 0.8140625 0.3104166666666667
2 0.8890625 0.3416666666666667 0.8890625 0.3875 0.903125 0.39166666666666666 0.903125 0.34375
2 0.865625 0.3625 0.8625 0.3958333333333333 0.86875 0.42083333333333334 0.8796875 0.41458333333333336 0.88125 0.375 0.8765625 0.35833333333333334
2 0.971875 0.8125 0.975 0.88125 0.9875 0.9208333333333333 0.9859375 0.9375 0.9984375 0.9416666666666667 0.9984375 0.7770833333333333 0.9796875 0.78125
2 0.7859375 0.26666666666666666 0.7765625 0.28541666666666665 0.796875 0.33541666666666664 0.7984375 0.2916666666666667 0.7921875 0.26458333333333334
1 0.7171875 0.3541666666666667 0.7140625 0.40208333333333335 0.7203125 0.4166666666666667 0.76875 0.4270833333333333 0.775 0.425 0.7984375 0.3645833333333333 0.796875 0.3375 0.7796875 0.29791666666666666 0.7703125 0.28541666666666665 0.7515625 0.28125 0.7375 0.28125 0.73125 0.29375
