3 0.6915 0.45372916666666663 0.132421875 0.3223333333333333
3 0.828125 0.4497083333333334 0.11109374999999999 0.28654166666666664
1 0.8454843750000001 0.7196250000000001 0.128625 0.3017291666666667
2 0.510546875 0.5967083333333334 0.03434375 0.12033333333333333
2 0.581203125 0.5705833333333333 0.022015625 0.11349999999999999
1 0.188609375 0.8345 0.274171875 0.33097916666666666
1 0.64278125 0.7786666666666666 0.14309375 0.35975
1 0.325796875 0.5835 0.16821875 0.281375
2 0.9593906249999999 0.7826666666666667 0.060515624999999997 0.09839583333333332
2 0.540625 0.5191666666666667 0.0236875 0.09314583333333333
2 0.9396875 0.6832291666666667 0.0209375 0.08545833333333334
2 0.9702031249999999 0.9438541666666667 0.059609375 0.1051875
3 0.4265625 0.19166666666666668 0.4140625 0.28958333333333336 0.4 0.3125 0.3953125 0.30833333333333335 0.409375 0.3625 0.4375 0.35208333333333336 0.4765625 0.3541666666666667 0.4890625 0.35833333333333334 0.5078125 0.38125 0.5140625 0.35625 0.5296875 0.3416666666666667 0.5421875 0.2833333333333333 0.540625 0.23333333333333334 0.53125 0.21875 0.528125 0.17291666666666666 0.5078125 0.1625 0.4546875 0.16041666666666668
