1 0.524609375 0.2125 0.058453124999999995 0.12297916666666667
3 0.64971875 0.21827083333333333 0.09965625 0.27091666666666664
1 0.40345312499999997 0.46189583333333334 0.127515625 0.23035416666666667
3 0.4380625 0.27989583333333334 0.09667187499999999 0.16722916666666665
3 0.6151875 0.5214583333333334 0.15321875000000001 0.38387499999999997
2 0.081734375 0.27112499999999995 0.03396875 0.04683333333333333
2 0.90415625 0.5160833333333333 0.0323125 0.09129166666666667
1 0.752515625 0.23972916666666666 0.069234375 0.10704166666666667
3 0.794625 0.4782708333333333 0.139890625 0.4092291666666667
1 0.576921875 0.16449999999999998 0.048234375 0.1135625
