3 0.65809375 0.41504166666666664 0.147703125 0.38714583333333336
1 0.813671875 0.4938333333333333 0.09278125000000001 0.2368125
3 0.4995 0.2907291666666667 0.1648125 0.34458333333333335
0 0.362296875 0.5443125 0.18465625000000002 0.4138958333333333
3 0.108265625 0.731 0.216515625 0.51875
2 0.5519375 0.6192291666666667 0.03259375 0.10852083333333334
2 0.93946875 0.6627083333333333 0.020671875 0.091
2 0.628421875 0.9713541666666666 0.03028125 0.057291666666666664
2 0.508296875 0.7545625 0.03028125 0.12891666666666668
2 0.48340625 0.6458333333333334 0.01953125 0.078125
2 0.34228125 0.9615833333333333 0.022468750000000003 0.07162500000000001
2 0.2841875 0.9576875 0.05859375 0.08464583333333334
2 0.9038125000000001 0.6816458333333333 0.032234374999999996 0.10027083333333334
2 0.8935625 0.5833333333333334 0.0234375 0.052083333333333336
2 0.875984375 0.5449166666666667 0.01953125 0.08464583333333334
2 0.869140625 0.46679166666666666 0.01171875 0.042979166666666666
1 0.633796875 0.6796875 0.119140625 0.34375
1 0.8344687499999999 0.7630208333333334 0.13770312499999998 0.2786458333333333
1 0.94921875 0.7513124999999999 0.021484375 0.0703125
1 0.9711874999999999 0.7083333333333334 0.018562500000000003 0.049479166666666664
1 0.931640625 0.5214791666666667 0.01171875 0.040375
1 0.344734375 0.828125 0.03125 0.09375
