3 0.8141718750000001 0.4873333333333333 0.123734375 0.36489583333333336
1 0.11503125 0.8844583333333333 0.23004687499999998 0.2310625
2 0.289546875 0.8339791666666667 0.040046874999999996 0.11850000000000001
2 0.2836875 0.7044374999999999 0.028328125 0.08854166666666667
2 0.168453125 0.7493541666666667 0.032234374999999996 0.06902083333333334
2 0.3100625 0.5423125 0.014656250000000001 0.07162500000000001
2 0.359859375 0.5963541666666666 0.01075 0.0546875
2 0.38134375 0.6764375 0.020515625000000003 0.08985416666666667
2 0.770515625 0.8502708333333333 0.03515625 0.09635416666666667
2 0.94434375 0.6979166666666666 0.02734375 0.08072916666666667
2 0.9829062499999999 0.6119791666666666 0.014656250000000001 0.08072916666666667
2 0.935546875 0.5449166666666667 0.01171875 0.06120833333333333
2 0.9008749999999999 0.5364583333333334 0.022468750000000003 0.07552083333333333
2 0.729 0.34375 0.012703125000000001 0.046875
1 0.848640625 0.26627083333333335 0.064453125 0.11850000000000001
2 0.93653125 0.8951875 0.0234375 0.08985416666666667
2 0.9799843750000001 0.8268333333333333 0.040046874999999996 0.11979166666666667
