2 0.648515625 0.4911875 0.0953125 0.23027083333333334
2 0.6194843750000001 0.3075625 0.064453125 0.14908333333333335
2 0.24856250000000002 0.6813333333333333 0.1750625 0.4358958333333333
3 0.73371875 0.499875 0.02303125 0.08227083333333333
3 0.7834531250000001 0.5423333333333333 0.027359375000000002 0.09858333333333333
3 0.529625 0.5218541666666667 0.02578125 0.10785416666666667
3 0.4944375 0.31956249999999997 0.01928125 0.06677083333333332
3 0.567703125 0.3915625 0.015875 0.08466666666666667
3 0.8467499999999999 0.5110833333333333 0.025578125 0.07893750000000001
3 0.78559375 0.35360416666666666 0.01571875 0.06208333333333334
3 0.42096875 0.6225833333333333 0.028718749999999998 0.145
3 0.70478125 0.38016666666666665 0.021796875 0.07022916666666666
3 0.463015625 0.6048333333333333 0.040515625 0.1593125
0 0.6448750000000001 0.18702083333333333 0.059609375 0.1300625
3 0.5706562500000001 0.6506458333333334 0.02521875 0.14391666666666666
3 0.8729687500000001 0.3796875 0.013171875 0.028270833333333335
3 0.8198593750000001 0.38641666666666663 0.017687500000000002 0.05683333333333333
3 0.8107031250000001 0.694625 0.037359375 0.13320833333333332
3 0.51675 0.3814791666666667 0.015390625 0.07495833333333332
3 0.7750625 0.5352291666666668 0.031515625000000005 0.10452083333333334
3 0.75696875 0.39725 0.01 0.047125
3 0.5663125 0.3125 0.013828125 0.051604166666666666
3 0.836828125 0.5892083333333333 0.02278125 0.0615625
3 0.9803593749999999 0.8923958333333334 0.039281250000000004 0.12008333333333333
3 0.84490625 0.4115625 0.016234375000000002 0.07112500000000001
4 0.3796875 0.20833333333333334 0.38125 0.25416666666666665 0.359375 0.3125 0.359375 0.41458333333333336 0.3796875 0.4270833333333333 0.39375 0.4166666666666667 0.4140625 0.4354166666666667 0.434375 0.4375 0.4828125 0.32083333333333336 0.49375 0.17708333333333334 0.4140625 0.1625 0.3890625 0.18541666666666667
3 0.653125 0.6791666666666667 0.65 0.7166666666666667 0.6609375 0.7479166666666667 0.6890625 0.7645833333333333 0.696875 0.7541666666666667 0.696875 0.6770833333333334 0.6890625 0.6625 0.675 0.65625 0.6640625 0.6583333333333333
3 0.7515625 0.6020833333333333 0.75 0.6791666666666667 0.765625 0.6833333333333333 0.771875 0.6770833333333334 0.7796875 0.6020833333333333 0.7625 0.59375
3 0.9109375 0.5791666666666667 0.8859375 0.6604166666666667 0.9 0.7395833333333334 0.896875 0.8166666666666667 0.90625 0.8291666666666667 0.921875 0.7958333333333333 0.9328125 0.7041666666666667 0.9421875 0.675 0.928125 0.625 0.928125 0.5770833333333333 0.9171875 0.56875
3 0.90625 0.4875 0.9046875 0.5125 0.9171875 0.5583333333333333 0.925 0.5604166666666667 0.934375 0.49375 0.93125 0.46458333333333335 0.9109375 0.46875
3 0.8953125 0.32916666666666666 0.8921875 0.425 0.903125 0.44166666666666665 0.9171875 0.4 0.921875 0.3541666666666667 0.9140625 0.33541666666666664
3 0.9796875 0.6 0.9796875 0.6708333333333333 0.9984375 0.6729166666666667 0.9984375 0.5979166666666667 0.9875 0.59375
3 0.4640625 0.7958333333333333 0.465625 0.9083333333333333 0.46875 0.93125 0.4765625 0.9395833333333333 0.49375 0.89375 0.50625 0.8791666666666667 0.5109375 0.8125 0.5078125 0.78125 0.496875 0.76875 0.4765625 0.7708333333333334
3 0.43125 0.7020833333333333 0.43125 0.81875 0.4390625 0.8333333333333334 0.4546875 0.8166666666666667 0.4609375 0.7333333333333333 0.453125 0.7104166666666667 0.4359375 0.69375
3 0.3640625 0.5291666666666667 0.3609375 0.5729166666666666 0.36875 0.6166666666666667 0.3765625 0.61875 0.3890625 0.6 0.396875 0.5666666666666667 0.3921875 0.5145833333333333 0.3828125 0.49166666666666664 0.3671875 0.5104166666666666
3 0.6171875 0.84375 0.61875 0.89375 0.6296875 0.91875 0.6296875 0.99375 0.6734375 0.9979166666666667 0.678125 0.9729166666666667 0.675 0.9145833333333333 0.6859375 0.8895833333333333 0.6890625 0.8583333333333333 0.6828125 0.825 0.6671875 0.8083333333333333 0.6671875 0.76875 0.6578125 0.75 0.65 0.7479166666666667 0.64375 0.775 0.634375 0.7833333333333333 0.625 0.8395833333333333