4 0.199015625 0.2076666666666667 0.10618749999999999 0.17677083333333332
0 0.085734375 0.1451666666666667 0.17021875 0.22291666666666668
2 0.847828125 0.755875 0.17559375 0.39908333333333335
3 0.48809375 0.5818125 0.039828125 0.0819375
4 0.617484375 0.5556875 0.177078125 0.5661041666666667
4 0.346640625 0.49470833333333336 0.24421875 0.5584166666666667
3 0.070890625 0.9131458333333333 0.068859375 0.11177083333333333
3 0.405953125 0.7661041666666667 0.06539062500000001 0.1556875
2 0.7945625 0.5816458333333333 0.116890625 0.2126875
2 0.7835625 0.42418750000000005 0.08101562500000001 0.1385
0 0.51678125 0.24275 0.1006875 0.24289583333333334
4 0.671875 0.17408333333333334 0.107640625 0.13949999999999999
0 0.533859375 0.49827083333333333 0.032984374999999996 0.055187499999999994