3 0.6471250000000001 0.6531874999999999 0.209171875 0.6761041666666666
2 0.902546875 0.6167916666666666 0.0198125 0.105
0 0.33125 0.3125 0.328125 0.35 0.3375 0.3541666666666667 0.34375 0.375 0.3390625 0.425 0.34375 0.48333333333333334 0.365625 0.48333333333333334 0.36875 0.4708333333333333 0.3796875 0.4708333333333333 0.4 0.42083333333333334 0.4203125 0.44375 0.421875 0.46041666666666664 0.4296875 0.4666666666666667 0.428125 0.5041666666666667 0.45 0.5208333333333334 0.4515625 0.5416666666666666 0.4703125 0.55625 0.4953125 0.5958333333333333 0.496875 0.6083333333333333 0.5078125 0.6041666666666666 0.5109375 0.575 0.525 0.55 0.528125 0.5083333333333333 0.54375 0.4666666666666667 0.540625 0.43125 0.5671875 0.3416666666666667 0.5796875 0.23333333333333334 0.5671875 0.16875 0.5140625 0.15 0.434375 0.15416666666666667 0.39375 0.18541666666666667 0.3890625 0.2 0.359375 0.23333333333333334
3 0.15625 0.6354166666666666 0.1546875 0.7416666666666667 0.18125 0.7770833333333333 0.18125 0.8395833333333333 0.1734375 0.8875 0.1796875 0.98125 0.2234375 0.9979166666666667 0.4125 0.9979166666666667 0.425 0.9354166666666667 0.4265625 0.8916666666666667 0.434375 0.8833333333333333 0.45 0.83125 0.48125 0.6854166666666667 0.4859375 0.6125 0.4828125 0.5916666666666667 0.4734375 0.5833333333333334 0.4140625 0.4583333333333333 0.390625 0.44583333333333336 0.3765625 0.47291666666666665 0.36875 0.47291666666666665 0.3640625 0.4875 0.35546875 0.4875 0.3359375 0.46458333333333335 0.3265625 0.4666666666666667 0.3203125 0.4583333333333333 0.2796875 0.46875 0.271875 0.45208333333333334 0.253125 0.45625 0.2453125 0.47291666666666665 0.2453125 0.49583333333333335 0.2015625 0.5708333333333333 0.18125 0.6229166666666667
3 0.74375 0.36875 0.7546875 0.4479166666666667 0.74375 0.6645833333333333 0.803125 0.6833333333333333 0.8171875 0.7083333333333334 0.8234375 0.6791666666666667 0.8375 0.6604166666666667 0.8453125 0.5583333333333333 0.8578125 0.5583333333333333 0.84375 0.5375 0.8375 0.425 0.815625 0.41458333333333336 0.8 0.3770833333333333 0.7734375 0.3625
3 0.615625 0.20416666666666666 0.6125 0.275 0.68125 0.29583333333333334 0.6875 0.20416666666666666 0.6828125 0.18541666666666667 0.6296875 0.17083333333333334 0.621875 0.17708333333333334
2 0.9046875 0.7916666666666666 0.9140625 0.9041666666666667 0.925 0.9104166666666667 0.940625 0.85 0.9453125 0.7708333333333334 0.9546875 0.7541666666666667 0.934375 0.7458333333333333 0.9109375 0.7541666666666667 0.9140625 0.7708333333333334
2 0.8375 0.3458333333333333 0.8390625 0.42083333333333334 0.8484375 0.44166666666666665 0.8578125 0.4125 0.8609375 0.35833333333333334 0.853125 0.33958333333333335
1 0.565625 0.14583333333333334 0.5640625 0.16041666666666668 0.5765625 0.18541666666666667 0.59375 0.19375 0.6046875 0.15 0.6 0.12083333333333333 0.575 0.11458333333333333
1 0.3 0.14375 0.296875 0.18333333333333332 0.3078125 0.2125 0.3421875 0.21041666666666667 0.3609375 0.19375 0.3640625 0.1625 0.3546875 0.14375 0.334375 0.13541666666666666 0.3125 0.13541666666666666
