1 0.781734375 0.4778333333333334 0.082578125 0.19033333333333333
1 0.628515625 0.6806249999999999 0.132125 0.3686041666666667
3 0.642203125 0.31835416666666666 0.117796875 0.3927083333333333
2 0.54921875 0.4235208333333333 0.02753125 0.09633333333333334
0 0.20029687499999999 0.621875 0.388140625 0.75625
0 0.644046875 0.2188125 0.118109375 0.22320833333333334
2 0.821875 0.21875 0.825 0.21666666666666667 0.834375 0.21875 0.8375 0.23333333333333334 0.834375 0.25833333333333336 0.8265625 0.2604166666666667 0.8203125 0.24583333333333332 0.821875 0.22083333333333333
2 0.73125 0.0625 0.7390625 0.07708333333333334 0.740625 0.08541666666666667 0.7390625 0.09166666666666666 0.728125 0.09166666666666666 0.725 0.0875 0.725 0.07083333333333333 0.7265625 0.06458333333333334 0.7296875 0.0625
2 0.8984375 0.5354166666666667 0.9078125 0.5416666666666666 0.9078125 0.5541666666666667 0.9046875 0.5604166666666667 0.90625 0.5625 0.90625 0.5895833333333333 0.9015625 0.61875 0.8984375 0.6166666666666667 0.896875 0.6041666666666666 0.890625 0.5875 0.8890625 0.5770833333333333 0.8828125 0.5645833333333333 0.8796875 0.5479166666666667 0.8796875 0.5395833333333333 0.8890625 0.5354166666666667 0.896875 0.5354166666666667
2 0.803125 0.24791666666666667 0.80625 0.2520833333333333 0.809375 0.26458333333333334 0.80625 0.29583333333333334 0.803125 0.30625 0.7984375 0.30625 0.7921875 0.2916666666666667 0.7921875 0.26458333333333334 0.7953125 0.2520833333333333 0.8015625 0.24791666666666667
2 0.825 0.33125 0.828125 0.33958333333333335 0.828125 0.3541666666666667 0.8234375 0.3645833333333333 0.81875 0.38958333333333334 0.8140625 0.39791666666666664 0.8078125 0.39166666666666666 0.8046875 0.38125 0.8046875 0.35 0.809375 0.33541666666666664 0.8234375 0.33125
2 0.884375 0.37604166666666666 0.028125 0.07708333333333334
2 0.9765625 0.5083333333333333 0.9796875 0.5104166666666666 0.98125 0.5166666666666667 0.9828125 0.5604166666666667 0.9796875 0.5666666666666667 0.965625 0.5708333333333333 0.959375 0.5854166666666667 0.9515625 0.5833333333333334 0.9453125 0.5770833333333333 0.9421875 0.5666666666666667 0.9421875 0.5354166666666667 0.95625 0.5166666666666667 0.9625 0.5166666666666667 0.965625 0.5125 0.975 0.5083333333333333
2 0.5484375 0.004166666666666667 0.553125 0.004166666666666667 0.5546875 0.010416666666666666 0.553125 0.029166666666666667 0.546875 0.03125 0.546875 0.008333333333333333 0.5484375 0.00625
2 0.8296875 0.5 0.8265625 0.4895833333333333 0.8265625 0.4708333333333333 0.8234375 0.46458333333333335 0.8234375 0.44583333333333336 0.821875 0.44375 0.821875 0.42916666666666664 0.825 0.42083333333333334 0.8390625 0.42083333333333334 0.84375 0.4270833333333333 0.8484375 0.45625 0.8453125 0.4625 0.8453125 0.48125 0.8421875 0.4895833333333333 0.83125 0.5
1 0.5078125 0.8833333333333333 0.4875 0.9979166666666667 0.6671875 0.99375 0.66875 0.9104166666666667 0.65 0.8458333333333333 0.61875 0.84375 0.5890625 0.8666666666666667 0.559375 0.80625 0.5453125 0.7916666666666666 0.5359375 0.7916666666666666
1 0.7890625 0.76875 0.7828125 0.8041666666666667 0.784375 0.8458333333333333 0.7609375 0.8958333333333334 0.775 0.9041666666666667 0.771875 0.9208333333333333 0.7640625 0.925 0.775 0.95 0.78125 0.9916666666666667 0.7921875 0.9979166666666667 0.9578125 0.9979166666666667 0.95625 0.9604166666666667 0.9703125 0.9458333333333333 0.9546875 0.9270833333333334 0.9296875 0.7958333333333333 0.9015625 0.725 0.8609375 0.7041666666666667 0.81875 0.70625 0.80625 0.7208333333333333
1 0.765625 0.6270833333333333 0.7640625 0.6604166666666667 0.778125 0.7479166666666667 0.7890625 0.7520833333333333 0.80625 0.7104166666666667 0.821875 0.7 0.8765625 0.7041666666666667 0.909375 0.73125 0.909375 0.69375 0.9 0.6604166666666667 0.9109375 0.63125 0.86875 0.5229166666666667 0.8375 0.5104166666666666 0.8 0.5104166666666666 0.7796875 0.55
1 0.9421875 0.6833333333333333 0.940625 0.7645833333333333 0.9875 0.9041666666666667 0.9984375 0.9083333333333333 0.9984375 0.56875 0.965625 0.5770833333333333
1 0.3875 0.28125 0.3859375 0.2875 0.4078125 0.29583333333333334 0.4171875 0.325 0.4140625 0.41875 0.421875 0.50625 0.428125 0.5145833333333333 0.459375 0.4354166666666667 0.4640625 0.29375 0.45625 0.2791666666666667 0.41875 0.27291666666666664 0.415625 0.2604166666666667
0 0.4109375 0.25625 0.409375 0.26875 0.453125 0.27708333333333335 0.4640625 0.28958333333333336 0.4625 0.3958333333333333 0.465625 0.4083333333333333 0.4796875 0.41041666666666665 0.490625 0.3729166666666667 0.490625 0.34791666666666665 0.50625 0.32708333333333334 0.50625 0.2125 0.5 0.19583333333333333 0.44375 0.18958333333333333 0.4234375 0.21875
0 0.4875 0.175 0.4859375 0.1875 0.4984375 0.19166666666666668 0.50625 0.20833333333333334 0.5078125 0.31875 0.5390625 0.32708333333333334 0.55625 0.27708333333333335 0.553125 0.175 0.5203125 0.17291666666666666 0.5078125 0.16458333333333333
1 0.71875 0.29791666666666666 0.7171875 0.35833333333333334 0.7234375 0.37916666666666665 0.7375 0.37916666666666665 0.7515625 0.3541666666666667 0.76875 0.35 0.771875 0.3625 0.7828125 0.3625 0.7921875 0.3229166666666667 0.7796875 0.25416666666666665 0.7359375 0.24375
1 0.7078125 0.21875 0.7078125 0.2625 0.715625 0.2791666666666667 0.7265625 0.26875 0.7359375 0.24375 0.7640625 0.24791666666666667 0.7703125 0.225 0.7515625 0.18333333333333332 0.7375 0.17708333333333334 0.7171875 0.17916666666666667
