3 0.6484375 0.29102083333333334 0.10546875 0.20704166666666665
3 0.395015625 0.40625 0.1220625 0.23177083333333334
1 0.320796875 0.6074166666666667 0.15331250000000002 0.3242083333333333
1 0.599609375 0.7057291666666666 0.142578125 0.2916666666666667
1 0.79296875 0.7018333333333333 0.146484375 0.3541666666666667
1 0.77246875 0.484375 0.103515625 0.1171875
1 0.757328125 0.3802083333333333 0.08887500000000001 0.09114583333333333
1 0.75684375 0.27799999999999997 0.080078125 0.13933333333333334
1 0.619140625 0.47070833333333334 0.091796875 0.165375
2 0.543953125 0.45247916666666665 0.03515625 0.10287500000000001
1 0.4716875 0.3294375 0.078125 0.1796875
1 0.049312499999999995 0.2044375 0.07323437499999999 0.11458333333333333
2 0.729984375 0.175125 0.014656250000000001 0.0638125
2 0.599125 0.16277083333333334 0.014656250000000001 0.059895833333333336
