1 0.10590625000000001 0.8893958333333334 0.21181250000000001 0.21347916666666666
1 0.638578125 0.35427083333333337 0.106515625 0.16458333333333333
1 0.774875 0.41775 0.09071875 0.21395833333333333
2 0.328703125 0.9365833333333333 0.05209375000000001 0.12591666666666665
1 0.037796875 0.2188125 0.07559375 0.10539583333333334
3 0.526265625 0.17666666666666667 0.11850000000000001 0.2812708333333333
1 0.8334531249999999 0.6341249999999999 0.132359375 0.26066666666666666
1 0.392328125 0.3884166666666667 0.138015625 0.272125
1 0.606421875 0.7409583333333334 0.16340625 0.3879375
2 0.34340625 0.5903958333333333 0.028765625 0.09864583333333334
2 0.9626875 0.5447916666666667 0.026578125 0.1066875
2 0.446875 0.5854166666666667 0.4453125 0.6333333333333333 0.4515625 0.6479166666666667 0.4453125 0.6604166666666667 0.4515625 0.6895833333333333 0.459375 0.6979166666666666 0.471875 0.6729166666666667 0.4875 0.6604166666666667 0.4828125 0.56875 0.4578125 0.5625
2 0.303125 0.6958333333333333 0.2921875 0.7458333333333333 0.3015625 0.8125 0.31875 0.7916666666666666 0.3328125 0.7104166666666667 0.3484375 0.6854166666666667 0.3515625 0.6666666666666666 0.3140625 0.6604166666666667
2 0.403125 0.9229166666666667 0.4078125 0.9979166666666667 0.440625 0.9979166666666667 0.4515625 0.9291666666666667 0.4484375 0.88125 0.453125 0.8625 0.415625 0.8541666666666666
2 0.896875 0.50625 0.8828125 0.50625 0.8828125 0.5125 0.8875 0.55625 0.9046875 0.5916666666666667 0.9078125 0.525
2 0.828125 0.42291666666666666 0.83125 0.4583333333333333 0.8390625 0.47291666666666665 0.853125 0.475 0.85625 0.45416666666666666 0.8484375 0.4125
3 0.6296875 0.13125 0.625 0.17708333333333334 0.634375 0.23333333333333334 0.690625 0.22083333333333333 0.6953125 0.15416666666666667 0.6828125 0.10208333333333333 0.671875 0.09166666666666666 0.653125 0.09166666666666666 0.6375 0.10833333333333334
3 0.7015625 0.1625 0.7 0.20625 0.7109375 0.23541666666666666 0.709375 0.25416666666666665 0.7171875 0.24791666666666667 0.7265625 0.2125 0.746875 0.20416666666666666 0.75625 0.20833333333333334 0.76875 0.1875 0.7515625 0.14375 0.7328125 0.15 0.71875 0.13958333333333334
1 0.73125 0.24375 0.7265625 0.3020833333333333 0.7296875 0.36666666666666664 0.7484375 0.32916666666666666 0.7984375 0.32916666666666666 0.7984375 0.26875 0.784375 0.22916666666666666 0.7640625 0.21666666666666667 0.7421875 0.21666666666666667
