3 0.630046875 0.5665208333333334 0.15823437499999998 0.6171875
1 0.39234375 0.6390833333333333 0.15109375 0.33458333333333334
1 0.8712500000000001 0.7215208333333333 0.14925 0.41920833333333335
0 0.755390625 0.21608333333333332 0.10396875000000001 0.23068750000000002
1 0.8965 0.4307708333333334 0.10698437499999999 0.20927083333333335
1 0.46985937499999997 0.4179791666666667 0.107328125 0.1951041666666667
2 0.123921875 0.788625 0.035265625 0.08654166666666667
2 0.1306875 0.8924583333333334 0.03575 0.10508333333333333
0 0.490625 0.2 0.4875 0.24166666666666667 0.5140625 0.2520833333333333 0.5296875 0.2916666666666667 0.5359375 0.28958333333333336 0.5421875 0.26875 0.553125 0.26458333333333334 0.55625 0.275 0.5640625 0.26875 0.571875 0.16041666666666668 0.559375 0.14375 0.53125 0.13958333333333334 0.5078125 0.14791666666666667
1 0.4546875 0.2708333333333333 0.440625 0.30625 0.4453125 0.3333333333333333 0.4546875 0.325 0.521875 0.3375 0.525 0.29791666666666666 0.51875 0.25833333333333336 0.471875 0.24583333333333332
1 0.715625 0.37083333333333335 0.715625 0.45625 0.7234375 0.48125 0.734375 0.4791666666666667 0.7375 0.46458333333333335 0.7770828125 0.41041666666666665 0.7875 0.4083333333333333 0.784375 0.35 0.775 0.33958333333333335 0.7375 0.3333333333333333 0.725 0.3416666666666667
1 0.7375 0.44583333333333336 0.74375 0.6208333333333333 0.7515625 0.6291666666666667 0.75625 0.6208333333333333 0.7921875 0.6166666666666667 0.7984375 0.5208333333333334 0.8125 0.49166666666666664 0.8515625 0.49583333333333335 0.8453125 0.4354166666666667 0.8359375 0.425 0.759375 0.4125
3 0.6328125 0.1625 0.615625 0.1875 0.61875 0.23333333333333334 0.6828125 0.2520833333333333 0.6765625 0.175 0.65625 0.1625
2 0.5015625 0.6083333333333333 0.5046875 0.6208333333333333 0.4984375 0.6541666666666667 0.521875 0.65 0.5375 0.5708333333333333 0.5359375 0.5229166666666667 0.5171875 0.5416666666666666 0.5125 0.5854166666666667
