2 0.614875 0.7400416666666667 0.137109375 0.3795
4 0.608 0.4115625 0.1369375 0.344125
3 0.9056875 0.6709791666666667 0.034015625 0.11895833333333333
3 0.356359375 0.837875 0.03240625 0.10045833333333333
3 0.41721874999999997 0.9433125 0.095609375 0.113375
0 0.74934375 0.3077083333333333 0.147703125 0.3716666666666667
3 0.429203125 0.6542916666666667 0.018562500000000003 0.07422916666666667
3 0.4609375 0.7246041666666667 0.037109375 0.11068750000000001
3 0.305171875 0.9635416666666666 0.041999999999999996 0.07291666666666667
4 0.262203125 0.6158958333333333 0.22364062499999998 0.4765625
2 0.4165 0.41731250000000003 0.06348437500000001 0.20704166666666665
2 0.43603125 0.3255208333333333 0.05371875 0.13541666666666666
4 0.473140625 0.25 0.07715625000000001 0.125
3 0.465328125 0.5638124999999999 0.018562500000000003 0.046875
3 0.706546875 0.6308541666666667 0.020515625000000003 0.0638125
3 0.88965625 0.6100208333333333 0.02734375 0.08204166666666667
3 0.9140625 0.5820416666666667 0.015625 0.0390625
3 0.8940468750000001 0.5266875 0.020515625000000003 0.04558333333333333
3 0.938484375 0.8899791666666667 0.041015625 0.11850000000000001
2 0.8139687500000001 0.8098958333333334 0.16504687499999998 0.3567708333333333
2 0.810546875 0.5325624999999999 0.12109375 0.17708333333333334
3 0.487796875 0.4205833333333333 0.01075 0.059895833333333336