1 0.22131249999999997 0.22877083333333334 0.094375 0.12572916666666667
1 0.369671875 0.4857708333333333 0.11954687500000001 0.2294375
1 0.794234375 0.4858333333333333 0.1085625 0.20060416666666667
1 0.8440625 0.7737916666666667 0.155078125 0.3416666666666667
2 0.37578125 0.8997499999999999 0.057671875 0.15824999999999997
3 0.74459375 0.19504166666666667 0.056765625 0.13572916666666668
1 0.615671875 0.46181249999999996 0.095640625 0.23954166666666668
2 0.6954374999999999 0.446875 0.021718750000000002 0.09441666666666666
2 0.487296875 0.5515416666666667 0.03228125 0.12954166666666667
3 0.795640625 0.24589583333333334 0.11890624999999999 0.2568125
1 0.52078125 0.230125 0.076109375 0.16960416666666667
1 0.6641874999999999 0.2050625 0.058546875 0.154
2 0.6296875 0.7416666666666667 0.628125 0.7854166666666667 0.634375 0.79375 0.6375 0.85625 0.64375 0.8916666666666667 0.653125 0.9083333333333333 0.6859375 0.8875 0.690625 0.75 0.6671875 0.6479166666666667 0.65625 0.6604166666666667 0.653125 0.6854166666666667 0.6359375 0.7020833333333333
2 0.4765625 0.36666666666666664 0.4765625 0.3770833333333333 0.45625 0.4 0.4625 0.4125 0.45625 0.4875 0.465625 0.5125 0.475 0.5020833333333333 0.4859375 0.43333333333333335 0.478125 0.41041666666666665 0.490625 0.3770833333333333 0.4875 0.36041666666666666
2 0.5140625 0.3645833333333333 0.5125 0.39791666666666664 0.521875 0.4270833333333333 0.540625 0.4083333333333333 0.5453125 0.3645833333333333 0.540625 0.33958333333333335 0.521875 0.3416666666666667
2 0.571875 0.275 0.5703125 0.3104166666666667 0.578125 0.32916666666666666 0.5890625 0.28125 0.584375 0.26875
2 0.5890625 0.22083333333333333 0.5890625 0.24791666666666667 0.6 0.26666666666666666 0.60625 0.22291666666666668 0.6015625 0.21041666666666667
3 0.534375 0.15833333333333333 0.5328125 0.17708333333333334 0.55 0.1875 0.559375 0.21041666666666667 0.578125 0.22083333333333333 0.5890625 0.19791666666666666 0.590625 0.15 0.5734375 0.10625 0.55625 0.1125
3 0.0390625 0.7145833333333333 0 0.7958333333333333 0 0.9979166666666667 0.2578125 0.9979166666666667 0.265625 0.9895833333333334 0.284375 0.8875 0.284375 0.8541666666666666 0.296875 0.8104166666666667 0.303125 0.80625 0.3078125 0.76875 0.3078125 0.7166666666666667 0.2984375 0.7020833333333333 0.303125 0.6625 0.29375 0.6020833333333333 0.2828125 0.58125 0.2640625 0.5833333333333334 0.196875 0.6208333333333333 0.1609375 0.63125 0.15 0.6458333333333334 0.1109375 0.6541666666666667 0.0796875 0.6479166666666667
