1 0.418453125 0.6412708333333333 0.13768750000000002 0.3190208333333333
1 0.603515625 0.6940208333333333 0.125 0.3151041666666667
1 0.8422812499999999 0.8463541666666666 0.16309374999999998 0.296875
1 0.78125 0.5553333333333333 0.119140625 0.24089583333333334
1 0.61571875 0.43293750000000003 0.118171875 0.18620833333333334
1 0.461921875 0.36133333333333334 0.111328125 0.2044375
2 0.8022500000000001 0.3398541666666667 0.05371875 0.1328125
1 0.637703125 0.2799583333333333 0.07421875 0.14583333333333334
1 0.637203125 0.16602083333333334 0.06348437500000001 0.08462499999999999
2 0.7373125 0.19922916666666665 0.04296875 0.0625
2 0.12109375 0.29102083333333334 0.044921875 0.10287500000000001
2 0.057125 0.2838541666666667 0.045890625000000004 0.109375
2 0.14160937499999998 0.20116666666666666 0.041015625 0.07943750000000001
