1 0.8025156250000001 0.7781874999999999 0.15709375 0.3014791666666667
1 0.231296875 0.755875 0.19071875 0.381125
1 0.596296875 0.42260416666666667 0.0980625 0.14122916666666668
1 0.8702343750000001 0.29635416666666664 0.07768749999999999 0.1648125
1 0.54765625 0.6489375000000001 0.123 0.33408333333333334
1 0.613640625 0.3235 0.07473437499999999 0.08181250000000001
1 0.78015625 0.507875 0.124 0.28229166666666666
2 0.4298125 0.6773958333333333 0.031109375 0.1154375
1 0.245796875 0.16852083333333334 0.071234375 0.12745833333333334
3 0.66334375 0.25635416666666666 0.068453125 0.1884375
3 0.5033125 0.2523125 0.11365624999999999 0.20641666666666666
0 0.3559375 0.4672916666666667 0.177859375 0.3354375
2 0.430671875 0.5403749999999999 0.029296875 0.07291666666666667
2 0.484859375 0.5091249999999999 0.026375 0.078125
1 0.8764687500000001 0.5013124999999999 0.01075 0.044270833333333336
1 0.927734375 0.5195416666666667 0.01171875 0.046875
1 0.95215625 0.6119791666666666 0.01953125 0.052083333333333336
1 0.8774374999999999 0.6575624999999999 0.022468750000000003 0.059895833333333336
1 0.90625 0.8242291666666667 0.01953125 0.07552083333333333
1 0.35790625 0.8756458333333333 0.022468750000000003 0.09766666666666667
1 0.524421875 0.41731250000000003 0.025390625 0.0481875
1 0.556640625 0.3554791666666667 0.021484375 0.057291666666666664
1 0.317875 0.21679166666666666 0.016609375000000003 0.0325625
1 0.73975 0.27279166666666665 0.059578125 0.09245833333333334
1 0.918953125 0.6243541666666667 0.015625 0.050791666666666666
1 0.9838906250000001 0.7317708333333334 0.016609375000000003 0.08333333333333333
1 0.872078125 0.44466666666666665 0.01953125 0.04558333333333333
1 0.81640625 0.3554791666666667 0.01171875 0.028645833333333332
