1 0.43079687499999997 0.36522916666666666 0.099328125 0.18183333333333335
3 0.608421875 0.20885416666666667 0.08059374999999999 0.17220833333333332
1 0.727265625 0.34410416666666666 0.07721875 0.17099999999999999
2 0.51446875 0.43687499999999996 0.02353125 0.08552083333333332
2 0.39740625 0.5360416666666666 0.037953125 0.08872916666666668
2 0.955125 0.5595 0.01996875 0.050499999999999996
2 0.11128125 0.17310416666666667 0.025640625 0.0439375
1 0.5239375 0.19020833333333334 0.06490625 0.12433333333333334
2 0.020749999999999998 0.8827916666666666 0.040453125 0.10683333333333334
3 0.823984375 0.5503958333333333 0.14250000000000002 0.34460416666666666
3 0.588875 0.6964791666666666 0.178109375 0.3735
2 0.9193125 0.49116666666666664 0.022453124999999997 0.08549999999999999
3 0.25634375 0.8151041666666666 0.21582812499999998 0.3697916666666667
2 0.425296875 0.9056041666666667 0.041999999999999996 0.10808333333333334
2 0.44775 0.6692708333333334 0.049812499999999996 0.10416666666666667
2 0.48828125 0.578125 0.021484375 0.06510416666666667
2 0.707515625 0.6022083333333333 0.028328125 0.08464583333333334
2 0.99121875 0.6556041666666667 0.017578125 0.06641666666666667
2 0.8940468750000001 0.4036458333333333 0.016609375000000003 0.049479166666666664
2 0.8335000000000001 0.27279166666666665 0.018562500000000003 0.035166666666666666
3 0.621578125 0.39975 0.13770312499999998 0.22135416666666666
2 0.53515625 0.33529166666666665 0.01953125 0.050770833333333334
