1 0.8182499999999999 0.7151458333333333 0.13384374999999998 0.3744166666666667
1 0.77853125 0.4718125 0.10178125 0.1779375
3 0.3225625 0.5433333333333333 0.24803125 0.5900625
1 0.48035937500000003 0.27591666666666664 0.08203125 0.14775
1 0.58740625 0.7604166666666666 0.14942187499999998 0.3463541666666667
1 0.52196875 0.4908958333333333 0.1045 0.21875
1 0.651859375 0.4427083333333333 0.10059375 0.19010416666666666
2 0.9370156250000001 0.8443958333333333 0.028328125 0.08725000000000001
2 0.852546875 0.5273541666666667 0.01171875 0.046875
2 0.875 0.5514375 0.015625 0.04558333333333333
2 0.87890625 0.33137500000000003 0.025390625 0.07943750000000001
2 0.865234375 0.28189583333333335 0.013671875 0.0481875
2 0.8500937499999999 0.25716666666666665 0.012703125000000001 0.035166666666666666
2 0.8413125000000001 0.2389375 0.012703125000000001 0.02475
2 0.8237343750000001 0.21225 0.00684375 0.018229166666666668
2 0.783203125 0.18489583333333334 0.017578125 0.03125
1 0.744140625 0.296875 0.05859375 0.10677083333333333
2 0.72265625 0.4440208333333333 0.01171875 0.052083333333333336
2 0.577640625 0.4036458333333333 0.018562500000000003 0.06510416666666667
2 0.529296875 0.35872916666666665 0.015625 0.035166666666666666
1 0.64209375 0.2929791666666667 0.07129687500000001 0.08854166666666667
