1 0.550125 0.8802291666666666 0.183984375 0.23352083333333334
1 0.6254375 0.6151875 0.127859375 0.31310416666666663
0 0.77 0.3373541666666667 0.134359375 0.3940416666666666
1 0.785453125 0.7795416666666667 0.13873437500000002 0.3937291666666667
1 0.598609375 0.40108333333333335 0.10593749999999999 0.11316666666666667
2 0.91275 0.656 0.041765625 0.1223125
1 0.2578125 0.6479166666666667 0.25625 0.7 0.2625 0.7104166666666667 0.321875 0.73125 0.3734375 0.7333333333333333 0.371875 0.7229166666666667 0.4390625 0.6083333333333333 0.4453125 0.53125 0.4421875 0.4041666666666667 0.425 0.3875 0.3515625 0.3770833333333333 0.3078125 0.44375 0.290625 0.4979166666666667 0.26875 0.5208333333333334 0.278125 0.5458333333333333
1 0.596875 0.25833333333333336 0.6015625 0.27708333333333335 0.596875 0.3125 0.6015625 0.3145833333333333 0.63125 0.2875 0.6671875 0.29583333333333334 0.6734375 0.2375 0.6625 0.21041666666666667 0.61875 0.20208333333333334 0.6109375 0.21041666666666667
1 0.6234375 0.2916666666666667 0.6171875 0.30625 0.59375 0.32708333333333334 0.5984375 0.34375 0.6390625 0.36041666666666666 0.65625 0.4270833333333333 0.6671875 0.42916666666666664 0.6765625 0.39375 0.6703125 0.30625 0.653125 0.2916666666666667
1 0.4875 0.15416666666666667 0.4875 0.16875 0.5203125 0.17916666666666667 0.5296875 0.18958333333333333 0.525 0.30833333333333335 0.534375 0.3125 0.55 0.2791666666666667 0.5640625 0.21458333333333332 0.5640625 0.15 0.546875 0.12291666666666666 0.528125 0.12083333333333333 0.509375 0.125
3 0.3828125 0.21458333333333332 0.3734375 0.37083333333333335 0.4296875 0.3875 0.44375 0.425 0.446875 0.5354166666666667 0.4609375 0.5375 0.496875 0.45625 0.51875 0.3645833333333333 0.528125 0.18958333333333333 0.4828125 0.16666666666666666 0.4296875 0.1625
