1 0.871875 0.44225 0.10493749999999999 0.20572916666666666
1 0.62146875 0.3261041666666667 0.08465625 0.17529166666666668
1 0.748859375 0.364 0.096609375 0.19735416666666666
1 0.5790625 0.17068750000000002 0.058140625 0.09695833333333333
1 0.633953125 0.6749583333333333 0.134171875 0.367
2 0.53309375 0.5808958333333333 0.033875 0.1044375
3 0.458484375 0.4246666666666667 0.148265625 0.2857083333333333
2 0.69325 0.33175000000000004 0.023875 0.061000000000000006
1 0.7800312500000001 0.21033333333333332 0.060406249999999995 0.11587499999999999
2 0.4546875 0.24166666666666667 0.4609375 0.24583333333333332 0.4625 0.25 0.4640625 0.28541666666666665 0.459375 0.28958333333333336 0.4421875 0.2833333333333333 0.4375 0.2791666666666667 0.4375 0.2708333333333333 0.44375 0.2604166666666667 0.4453125 0.24583333333333332 0.4484375 0.24166666666666667 0.453125 0.24166666666666667
2 0.51875 0.5354166666666667 0.525 0.5395833333333333 0.534375 0.5395833333333333 0.55 0.5458333333333333 0.5515625 0.5520833333333334 0.546875 0.5604166666666667 0.5484375 0.6145833333333334 0.54375 0.6291666666666667 0.5421875 0.6458333333333334 0.540625 0.6520833333333333 0.525 0.6729166666666667 0.521875 0.6729166666666667 0.5171875 0.6645833333333333 0.5171875 0.6229166666666667 0.515625 0.6208333333333333 0.515625 0.5979166666666667 0.5140625 0.5958333333333333 0.5140625 0.56875 0.5171875 0.5520833333333334 0.5125 0.5416666666666666 0.5125 0.5375 0.5171875 0.5354166666666667
2 0.7125 0.171875 0.028125 0.052083333333333336
2 0.703125 0.23958333333333334 0.7140625 0.23958333333333334 0.7171875 0.24375 0.7203125 0.25833333333333336 0.7171875 0.28541666666666665 0.709375 0.29583333333333334 0.7046875 0.28541666666666665 0.703125 0.2708333333333333 0.7 0.26458333333333334 0.7 0.24791666666666667 0.703125 0.24166666666666667
2 0.1796875 0.95625 0.19375 0.9541666666666667 0.2015625 0.9625 0.203125 0.9666666666666667 0.2015625 0.9979166666666667 0.1296875 0.9979166666666667 0.1296875 0.9833333333333333 0.115625 0.9729166666666667 0.1171875 0.9666666666666667 0.1203125 0.9666666666666667 0.1296875 0.9583333333333334 0.1390625 0.9770833333333333 0.1375 0.9875 0.134375 0.99375 0.140625 0.9958333333333333 0.1421875 0.9875 0.153125 0.9625 0.153125 0.9666666666666667 0.1578125 0.975 0.165625 0.975 0.175 0.96875 0.1796875 0.9583333333333334
2 0.6984375 0.30416666666666664 0.703125 0.30833333333333335 0.7015625 0.3416666666666667 0.7 0.35208333333333336 0.69375 0.35833333333333334 0.6921875 0.37083333333333335 0.6890625 0.375 0.684375 0.375 0.6796875 0.3541666666666667 0.68125 0.30833333333333335 0.684375 0.3020833333333333 0.696875 0.30416666666666664
2 0.7515625 0.23541666666666666 0.75625 0.23333333333333334 0.7609375 0.23958333333333334 0.7609375 0.24791666666666667 0.765625 0.26458333333333334 0.765625 0.275 0.7640625 0.27708333333333335 0.75 0.27291666666666664 0.7484375 0.25625 0.7515625 0.2375
2 0.834375 0.8354166666666667 0.8390625 0.8375 0.840625 0.8416666666666667 0.8421875 0.86875 0.8453125 0.875 0.8484375 0.9229166666666667 0.85 0.925 0.846875 0.9625 0.8453125 0.96875 0.8390625 0.9770833333333333 0.8375 0.9916666666666667 0.834375 0.9979166666666667 0.8234375 0.9979166666666667 0.81875 0.99375 0.8203125 0.9875 0.8046875 0.9541666666666667 0.8046875 0.94375 0.803125 0.9416666666666667 0.8046875 0.9291666666666667 0.8 0.91875 0.8 0.90625 0.7984375 0.9041666666666667 0.7984375 0.8979166666666667 0.803125 0.8895833333333333 0.803125 0.8833333333333333 0.8015625 0.88125 0.8 0.8520833333333333 0.796875 0.8479166666666667 0.796875 0.84375 0.8 0.8395833333333333 0.815625 0.8395833333333333 0.8171875 0.8416666666666667 0.828125 0.8354166666666667 0.8328125 0.8354166666666667
2 0.6671875 0.16041666666666668 0.671875 0.16875 0.671875 0.17708333333333334 0.66875 0.1875 0.66875 0.19583333333333333 0.6640625 0.20833333333333334 0.6640625 0.21458333333333332 0.6609375 0.21666666666666667 0.6546875 0.20208333333333334 0.653125 0.17083333333333334 0.6578125 0.1625 0.665625 0.16041666666666668
2 0.6375 0.17083333333333334 0.01875 0.041666666666666664
2 0.70625 0.15625 0.7125 0.1625 0.7125 0.19166666666666668 0.709375 0.19583333333333333 0.703125 0.19583333333333333 0.7 0.19166666666666668 0.7 0.16458333333333333 0.7046875 0.15833333333333333
