1 0.6240625 0.3667916666666667 0.08525 0.19258333333333333
1 0.495875 0.3240208333333333 0.101265625 0.19152083333333333
2 0.885328125 0.5110208333333334 0.025578125 0.0990625
1 0.1759375 0.8571666666666666 0.262765625 0.27947916666666667
2 0.707984375 0.40547916666666667 0.02353125 0.08241666666666667
2 0.41203124999999996 0.5222708333333334 0.024125 0.09283333333333334
2 0.6857031250000001 0.36168750000000005 0.0171875 0.058020833333333334
2 0.768546875 0.28049999999999997 0.020265625000000002 0.05235416666666667
2 0.30924999999999997 0.5972291666666667 0.032546874999999996 0.09375
2 0.220703125 0.6909791666666667 0.014328125 0.07985416666666666
