3 0.43653125 0.353625 0.21109375 0.5395833333333333
1 0.29871875000000003 0.8033125 0.189640625 0.37514583333333335
1 0.7764375 0.35864583333333333 0.07028124999999999 0.14639583333333334
1 0.8489218749999999 0.6635624999999999 0.11487499999999999 0.3172083333333333
1 0.561046875 0.8242291666666667 0.15859375 0.3515416666666667
3 0.66271875 0.46022916666666663 0.12267187500000001 0.3873333333333333
2 0.8801249999999999 0.45214583333333336 0.017421875 0.08466666666666667
2 0.8890625 0.5395833333333333 0.8859375 0.55625 0.90625 0.6083333333333333 0.9171875 0.5375
2 0.5796875 0.29791666666666666 0.578125 0.3125 0.5625 0.3375 0.575 0.44166666666666665 0.5875 0.42916666666666664 0.5890625 0.36666666666666664 0.5953125 0.3541666666666667 0.59375 0.325
2 0.4578125 0.6895833333333333 0.4640625 0.7416666666666667 0.446875 0.7645833333333333 0.4609375 0.76875 0.471875 0.7916666666666666 0.46875 0.8166666666666667 0.478125 0.8270833333333333 0.490625 0.8020833333333334 0.5171875 0.6729166666666667 0.5078125 0.6125 0.50625 0.5479166666666667 0.48125 0.5791666666666667
2 0.840625 0.3416666666666667 0.8421875 0.45208333333333334 0.8484375 0.4625 0.8578125 0.4166666666666667 0.8578125 0.3729166666666667 0.8515625 0.33541666666666664 0.8484375 0.33125
2 0.96875 0.7645833333333333 0.9671875 0.8291666666666667 0.978125 0.8604166666666667 0.984375 0.91875 0.99375 0.9270833333333334 0.9984375 0.925 0.9984375 0.7645833333333333
2 0.7875 0.21666666666666667 0.784375 0.24375 0.79375 0.25416666666666665 0.796875 0.22083333333333333
2 0.8078125 0.2791666666666667 0.8015625 0.29375 0.8109375 0.3145833333333333 0.81875 0.2916666666666667
3 0.6 0.17083333333333334 0.60625 0.29375 0.6296875 0.30625 0.6375 0.29791666666666666 0.640625 0.275 0.6609375 0.275 0.6734375 0.2625 0.6828125 0.14791666666666667 0.6546875 0.1125 0.64375 0.10833333333333334 0.609375 0.14583333333333334
1 0.546875 0.20833333333333334 0.546875 0.25 0.5640625 0.25416666666666665 0.571875 0.1875 0.553125 0.1625
