3 0.827953125 0.44783333333333336 0.111625 0.28318750000000004
3 0.690046875 0.4550208333333333 0.13359375 0.31612500000000004
3 0.10234375 0.33877083333333335 0.2046875 0.3297916666666667
1 0.649265625 0.7720416666666666 0.12928125 0.3703541666666667
1 0.8459687499999999 0.7282708333333333 0.12506250000000002 0.3037708333333333
1 0.329328125 0.5880416666666667 0.16803125000000002 0.28372916666666664
2 0.510890625 0.6040833333333333 0.035984375 0.11108333333333334
1 0.18646875000000002 0.831 0.272765625 0.32737499999999997
2 0.581765625 0.5348124999999999 0.019140625 0.09527083333333333
1 0.563609375 0.20304166666666665 0.039609375 0.09318749999999999
2 0.9549218749999999 0.778125 0.04109375 0.15208333333333332
3 0.4265625 0.19375 0.4125 0.29791666666666666 0.3953125 0.30625 0.4078125 0.35833333333333334 0.4203125 0.3645833333333333 0.4390625 0.35208333333333336 0.4640625 0.35208333333333336 0.4828125 0.35625 0.5078125 0.37916666666666665 0.515625 0.3541666666666667 0.5296875 0.3416666666666667 0.5421875 0.2833333333333333 0.5421875 0.21458333333333332 0.5296875 0.19583333333333333 0.5265625 0.16666666666666666 0.4546875 0.16041666666666668
1 0.3984375 0.41875 0.390625 0.45208333333333334 0.4046875 0.4666666666666667 0.43125 0.5520833333333334 0.4375 0.5541666666666667 0.45625 0.5166666666666667 0.4671875 0.5104166666666666 0.475 0.51875 0.4828125 0.55 0.4828125 0.5291666666666667 0.50625 0.5041666666666667 0.509375 0.42083333333333334 0.50625 0.39166666666666666 0.49375 0.36875 0.4640625 0.35625 0.4328125 0.36041666666666666 0.4078125 0.39375
3 0.6171875 0.1375 0.6171875 0.20625 0.625 0.23333333333333334 0.68125 0.24583333333333332 0.690625 0.20416666666666666 0.690625 0.13333333333333333 0.6828125 0.125 0.646875 0.11875
2 0.896875 0.5645833333333333 0.89375 0.61875 0.9046875 0.6604166666666667 0.93125 0.6520833333333333 0.9359375 0.625 0.93125 0.5583333333333333 0.9234375 0.5541666666666667
1 0.734375 0.21666666666666667 0.73125 0.2625 0.771875 0.26458333333333334 0.7859375 0.29583333333333334 0.790625 0.2708333333333333 0.7875 0.225 0.7609375 0.21458333333333332
3 0.21875 0.10416666666666667 0.215625 0.23333333333333334 0.2234375 0.3 0.2984375 0.28125 0.3078125 0.2875 0.3265625 0.2833333333333333 0.3328125 0.3 0.34375 0.3 0.3515625 0.275 0.3734375 0.24583333333333332 0.39375 0.24166666666666667 0.4078125 0.19791666666666666 0.40625 0.13125 0.415625 0.0875 0.384375 0.025 0.36875 0.01875 0.3578125 0.03125 0.3328125 0.0375 0.3078125 0.014583333333333334 0.296875 0.029166666666666667 0.259375 0.035416666666666666 0.25625 0.04583333333333333 0.240625 0.052083333333333336 0.24375 0.07291666666666667 0.2296875 0.075
2 0.4390625 0.5854166666666667 0.428125 0.6166666666666667 0.40625 0.63125 0.40625 0.6458333333333334 0.4171875 0.65625 0.4234375 0.6854166666666667 0.4203125 0.71875 0.4109375 0.73125 0.45625 0.7958333333333333 0.471875 0.7791666666666667 0.4875 0.725 0.490625 0.625 0.4828125 0.5979166666666667 0.453125 0.6041666666666666 0.453125 0.59375
2 0.8859375 0.5333333333333333 0.884375 0.55625 0.89375 0.5854166666666667 0.903125 0.5895833333333333 0.9171875 0.55625 0.90625 0.49583333333333335 0.896875 0.49375
