0 0.354578125 0.5849583333333332 0.1880625 0.46908333333333335
3 0.6606875 0.3841458333333333 0.149625 0.33208333333333334
1 0.837765625 0.7994375 0.15725 0.3172291666666667
3 0.10653125000000001 0.7438333333333333 0.213046875 0.5123333333333333
1 0.8151093749999999 0.5014375 0.10392187500000001 0.24377083333333335
3 0.50465625 0.32789583333333333 0.15565625 0.37977083333333334
2 0.9393437499999999 0.5500416666666667 0.03309375 0.09418750000000001
1 0.630375 0.7167916666666667 0.13574999999999998 0.352875
1 0.8110312499999999 0.28125 0.014656250000000001 0.044270833333333336
1 0.8325156249999999 0.26366666666666666 0.008796875 0.02475
1 0.07373437499999999 0.36262500000000003 0.016609375000000003 0.0481875
1 0.205078125 0.2421875 0.017578125 0.036458333333333336
0 0.15332812499999998 0.1204375 0.12890625 0.20702083333333335