3 0.615046875 0.6015 0.183375 0.5676875
1 0.4623125 0.25577083333333334 0.065078125 0.1019375
1 0.31042187499999996 0.6392083333333333 0.165265625 0.3740625
3 0.6516875 0.25614583333333335 0.097546875 0.17302083333333332
2 0.46296875000000004 0.6661666666666667 0.033 0.10220833333333333
1 0.54025 0.2510208333333333 0.06639062500000001 0.12664583333333332
1 0.53078125 0.1774375 0.0604375 0.09583333333333334
1 0.783125 0.5186041666666666 0.105421875 0.2785625
0 0.10693749999999999 0.1263125 0.18456250000000002 0.18229166666666666
1 0.8735312499999999 0.6875 0.12793749999999998 0.328125
2 0.9731406249999999 0.5559999999999999 0.028328125 0.06510416666666667
2 0.37109375 0.8860625 0.046875 0.14454166666666665
1 0.41015625 0.43293750000000003 0.091796875 0.2044375
1 0.75390625 0.3789166666666667 0.06640625 0.1171875
2 0.8149374999999999 0.2981875 0.012703125000000001 0.041666666666666664
2 0.984375 0.7526041666666666 0.03125 0.0859375
