2 0.506609375 0.4406666666666667 0.0900625 0.22416666666666665
2 0.329125 0.6573541666666666 0.16985937499999998 0.3145
2 0.644578125 0.30502083333333335 0.05725 0.1335
2 0.6496562499999999 0.6947708333333333 0.136609375 0.31956249999999997
3 0.959796875 0.9417708333333333 0.044265624999999996 0.10195833333333333
2 0.23732812499999997 0.22747916666666665 0.053203125 0.08143750000000001
3 0.941984375 0.6828749999999999 0.029859375 0.09433333333333334
3 0.851359375 0.42272916666666666 0.01453125 0.04614583333333333
3 0.913828125 0.5474583333333333 0.019984375 0.07822916666666666
3 0.816609375 0.42235416666666664 0.0155 0.04466666666666667
2 0.89178125 0.3623125 0.083359375 0.13974999999999999
3 0.853890625 0.4830625 0.01553125 0.09254166666666667
3 0.2319375 0.9433541666666667 0.036140624999999996 0.09506250000000001
3 0.102546875 0.9635416666666666 0.025390625 0.046875
3 0.1875 0.8411458333333334 0.0546875 0.1171875
3 0.08203125 0.8098958333333334 0.0390625 0.11197916666666667
3 0.016609375000000003 0.9160208333333333 0.021484375 0.08204166666666667
3 0.48046875 0.6744791666666666 0.021484375 0.078125
3 0.532234375 0.6836041666666667 0.021484375 0.11458333333333333
3 0.759765625 0.7024791666666667 0.029296875 0.08725000000000001
3 0.14356249999999998 0.30793750000000003 0.015625 0.0481875
3 0.23290625 0.3398541666666667 0.020499999999999997 0.046875
3 0.08837500000000001 0.2669375 0.034187499999999996 0.049479166666666664
3 0.168453125 0.24089583333333334 0.014656250000000001 0.0546875
2 0.660640625 0.46225 0.09667187499999999 0.15104166666666666
3 0.8647500000000001 0.6673125 0.022468750000000003 0.056
3 0.763671875 0.45377083333333335 0.033203125 0.07422916666666667
3 0.40528125 0.7207083333333333 0.037109375 0.08725000000000001
3 0.4560625 0.5768333333333333 0.033203125 0.06510416666666667
2 0.49071875 0.321625 0.08495312499999999 0.14583333333333334
3 0.5649375 0.37956249999999997 0.01075 0.06120833333333333
3 0.870125 0.9511666666666667 0.013671875 0.07162500000000001
3 0.515140625 0.9160208333333333 0.05371875 0.08725000000000001
3 0.417484375 0.9602916666666667 0.041999999999999996 0.07422916666666667
3 0.8325156249999999 0.5514375 0.020515625000000003 0.056
3 0.78809375 0.5286458333333334 0.015625 0.052083333333333336
3 0.724609375 0.3671875 0.015625 0.046875
3 0.739625 0.401625 0.015187500000000001 0.05566666666666666
3 0.786265625 0.41031249999999997 0.015187500000000001 0.0484375
3 0.8692343749999999 0.4638125 0.011921875 0.033979166666666664
3 0.325828125 0.425375 0.016140625 0.044187500000000005
3 0.581125 0.27697916666666667 0.011890625 0.044187500000000005
3 0.563875 0.2736458333333333 0.0099375 0.037875
3 0.704125 0.3153125 0.01065625 0.0435625