3 0.6118125 0.6035208333333333 0.18456250000000002 0.4934791666666667
1 0.443359375 0.359375 0.13671875 0.1875
1 0.419921875 0.5455833333333333 0.13671875 0.22135416666666666
1 0.254890625 0.7050833333333333 0.154296875 0.2643333333333333
1 0.8442343749999999 0.7786458333333334 0.14160937499999998 0.25
1 0.788578125 0.4987083333333333 0.120125 0.2942708333333333
3 0.11181250000000001 0.36002083333333335 0.21973437499999998 0.3763125
3 0.19140625 0.175125 0.1640625 0.2200625
3 0.262203125 0.11914583333333333 0.10059375 0.15495833333333334
3 0.348640625 0.09570833333333333 0.080078125 0.16797916666666665
2 0.271 0.9466249999999999 0.06348437500000001 0.10677083333333333
