4 0.37482812499999996 0.46549999999999997 0.2864375 0.54125
2 0.5982968750000001 0.3843958333333333 0.085875 0.1486458333333333
2 0.618203125 0.5920625 0.118453125 0.2778958333333333
0 0.819703125 0.40950000000000003 0.183015625 0.485875
3 0.9321875000000001 0.6096041666666667 0.03396875 0.10327083333333334
3 0.68359375 0.5318958333333333 0.025390625 0.07683333333333334
3 0.700203125 0.8359375 0.0390625 0.13541666666666666
3 0.34228125 0.8548125 0.06348437500000001 0.13672916666666665
3 0.9350625000000001 0.9596458333333333 0.051765625 0.08072916666666667
3 0.9477499999999999 0.7005208333333334 0.038078125000000004 0.06510416666666667
3 0.9609375 0.5227916666666667 0.0234375 0.07943750000000001
3 0.530765625 0.415375 0.040046874999999996 0.078125