1 0.18275 0.8059375000000001 0.21890625 0.388125
0 0.546984375 0.12466666666666668 0.067203125 0.16941666666666666
1 0.46165625 0.29162499999999997 0.10859375 0.13008333333333333
1 0.723453125 0.5561458333333333 0.11259375 0.27720833333333333
1 0.4298125 0.44729166666666664 0.10092187500000001 0.23125
3 0.33125 0.7291666666666666 0.33125 0.775 0.35625 0.7958333333333333 0.359375 0.8104166666666667 0.3546875 0.8520833333333333 0.3578125 0.9979166666666667 0.6484375 0.9979166666666667 0.65625 0.8541666666666666 0.646875 0.8395833333333333 0.6609375 0.825 0.6625 0.775 0.6640625 0.61875 0.6546875 0.6 0.6625 0.4895833333333333 0.653125 0.4041666666666667 0.6375 0.3333333333333333 0.60625 0.2791666666666667 0.5796875 0.2708333333333333 0.5421875 0.2791666666666667 0.48125 0.34791666666666665 0.446875 0.4979166666666667
1 0.715625 0.2520833333333333 0.7109375 0.27708333333333335 0.7 0.29375 0.70625 0.30416666666666664 0.703125 0.3770833333333333 0.7140625 0.3875 0.76875 0.4 0.775 0.3104166666666667 0.7625 0.2625 0.74375 0.24791666666666667 0.721875 0.24583333333333332
1 0.69375 0.18333333333333332 0.6859375 0.21666666666666667 0.69375 0.26458333333333334 0.709375 0.26875 0.7171875 0.24791666666666667 0.7453125 0.24583333333333332 0.74375 0.19791666666666666 0.734375 0.17291666666666666 0.7015625 0.1625
2 0.8078125 0.43125 0.8078125 0.4875 0.8359375 0.49583333333333335 0.8421875 0.4625 0.8375 0.4375 0.821875 0.42083333333333334
2 0.7984375 0.3229166666666667 0.790625 0.3729166666666667 0.79375 0.38958333333333334 0.80625 0.40625 0.8140625 0.33125 0.8078125 0.31875
2 0.8203125 0.29583333333333334 0.8171875 0.3375 0.8359375 0.36875 0.85 0.34375 0.8484375 0.3145833333333333 0.8328125 0.2875 0.8375 0.2708333333333333 0.825 0.2791666666666667
3 0.74375 0.5208333333333334 0.7421875 0.6083333333333333 0.7296875 0.68125 0.7296875 0.84375 0.715625 0.8791666666666667 0.7265625 0.91875 0.7171875 0.9270833333333334 0.728125 0.9520833333333333 0.721875 0.9645833333333333 0.709375 0.9645833333333333 0.70625 0.9729166666666667 0.6671875 0.9791666666666666 0.6671875 0.9958333333333333 0.965625 0.9958333333333333 0.9484375 0.9520833333333333 0.9515625 0.7729166666666667 0.9453125 0.7395833333333334 0.946875 0.6833333333333333 0.8921875 0.5229166666666667 0.86875 0.5104166666666666 0.7578125 0.49166666666666664 0.75 0.49375
