1 0.6329687500000001 0.7905 0.15787500000000002 0.35500000000000004
3 0.646984375 0.2660208333333333 0.11660937499999999 0.26410416666666664
1 0.41803125 0.6742916666666667 0.179921875 0.35520833333333335
1 0.6224062499999999 0.48668750000000005 0.12125 0.24014583333333334
1 0.868546875 0.8114791666666666 0.131265625 0.3188333333333333
2 0.75234375 0.7875833333333334 0.044859375 0.1140625
0 0.093 0.15275 0.1789375 0.19091666666666668
1 0.44651562499999997 0.4466041666666667 0.1209375 0.17787499999999998
2 0.28659375 0.4970625 0.016109375000000002 0.07316666666666666
3 0.450203125 0.29491666666666666 0.126953125 0.194
