4 0.422828125 0.5688541666666667 0.199625 0.5116875000000001
2 0.77784375 0.79075 0.1421875 0.3595416666666667
4 0.63384375 0.3419166666666667 0.094078125 0.23529166666666665
3 0.8083281250000001 0.48975 0.020484375 0.06791666666666667
3 0.5816250000000001 0.8512291666666666 0.055937499999999994 0.18185416666666668
3 0.755390625 0.383625 0.021593750000000002 0.08060416666666666
3 0.79803125 0.5829166666666666 0.032984374999999996 0.0661875
3 0.666015625 0.625 0.025390625 0.08333333333333333
3 0.723640625 0.56575 0.03125 0.07943750000000001
3 0.8637656249999999 0.65625 0.022468750000000003 0.08333333333333333
3 0.900390625 0.5729166666666666 0.015625 0.0625
3 0.8393593750000001 0.5520833333333334 0.008796875 0.052083333333333336
3 0.887703125 0.4023541666666667 0.033203125 0.06510416666666667
3 0.8081093750000001 0.3776041666666667 0.018562500000000003 0.0390625
3 0.762703125 0.4648541666666667 0.03125 0.049479166666666664
3 0.729984375 0.39387500000000003 0.024421875000000003 0.06641666666666667
3 0.70703125 0.3255208333333333 0.0234375 0.041666666666666664
2 0.51075 0.25 0.052734375 0.11197916666666667
3 0.244625 0.6803333333333333 0.049812499999999996 0.11589583333333334
3 0.912109375 0.8600208333333333 0.037109375 0.08462499999999999
3 0.9829062499999999 0.6660208333333333 0.034187499999999996 0.10808333333333334
3 0.690921875 0.48241666666666666 0.020515625000000003 0.050791666666666666