3 0.628046875 0.3620625 0.10840625 0.26941666666666664
1 0.41576562499999997 0.4048125 0.11474999999999999 0.288375
3 0.768578125 0.34462499999999996 0.08171874999999999 0.21252083333333335
2 0.843515625 0.3348541666666666 0.01759375 0.06047916666666667
1 0.549890625 0.1690625 0.055265625 0.08452083333333334
1 0.47009375000000003 0.28622916666666665 0.06525 0.1527916666666667
2 0.9239375000000001 0.6951041666666666 0.026546874999999998 0.08754166666666667
2 0.866953125 0.44333333333333336 0.018312500000000002 0.06672916666666667
1 0.5078125 0.5375 0.50625 0.5604166666666667 0.5109375 0.5625 0.534375 0.5604166666666667 0.6265625 0.5791666666666667 0.6296875 0.5416666666666666 0.61875 0.44583333333333336 0.609375 0.4375 0.5390625 0.42916666666666664
2 0.803125 0.6458333333333334 0.80625 0.6854166666666667 0.815625 0.69375 0.8359375 0.6916666666666667 0.84375 0.6479166666666667
2 0.7921875 0.53125 0.7890625 0.5583333333333333 0.79375 0.5875 0.803125 0.6020833333333333 0.8125 0.58125 0.81875 0.5166666666666667 0.8125 0.5083333333333333 0.796875 0.5083333333333333
2 0.8859375 0.4791666666666667 0.8828125 0.5520833333333334 0.896875 0.5604166666666667 0.9078125 0.48333333333333334 0.903125 0.4666666666666667 0.9015625 0.47708333333333336
2 0.890625 0.3854166666666667 0.8875 0.4125 0.903125 0.41875 0.9046875 0.39791666666666664
2 0.975 0.7291666666666666 0.9859375 0.89375 0.99375 0.9270833333333334 0.9984375 0.925 0.9984375 0.7375 0.99375 0.7270833333333333
2 0.540625 0.31666666666666665 0.540625 0.36041666666666666 0.55 0.37083333333333335 0.5578125 0.35208333333333336 0.55625 0.31666666666666665 0.55 0.30416666666666664
3 0.3765625 0.8270833333333333 0.371875 0.9041666666666667 0.35625 0.9229166666666667 0.36875 0.925 0.371875 0.9979166666666667 0.6921875 0.9979166666666667 0.7125 0.9916666666666667 0.696875 0.9854166666666667 0.68125 0.9645833333333333 0.6796875 0.9479166666666666 0.6859375 0.9166666666666666 0.69375 0.90625 0.6984375 0.9125 0.7078125 0.90625 0.703125 0.9020833333333333 0.6875 0.6291666666666667 0.6765625 0.6 0.615625 0.5833333333333334 0.590625 0.56875 0.5109375 0.5604166666666667 0.4796875 0.5666666666666667 0.4578125 0.6041666666666666 0.396875 0.7583333333333333
3 0.065625 0.32916666666666666 0 0.37916666666666665 0 0.9979166666666667 0.30625 0.9979166666666667 0.325 0.9416666666666667 0.3515625 0.8166666666666667 0.3640625 0.4 0.3609375 0.33125 0.346875 0.3125 0.1640625 0.28125 0.134375 0.28958333333333336 0.1015625 0.3145833333333333
1 0.746875 0.8270833333333333 0.75625 0.8583333333333333 0.7578125 0.9020833333333333 0.7484375 0.98125 0.7390625 0.9979166666666667 0.9546875 0.9979166666666667 0.9625 0.98125 0.9546875 0.9791666666666666 0.9390625 0.9395833333333333 0.9625 0.875 0.9625 0.7916666666666666 0.9515625 0.7958333333333333 0.89375 0.7020833333333333 0.8453125 0.68125 0.8046875 0.6791666666666667 0.8 0.6895833333333333 0.759375 0.6979166666666666
3 0.6890625 0.2125 0.69375 0.3229166666666667 0.7296875 0.3229166666666667 0.753125 0.21041666666666667 0.7234375 0.19166666666666668 0.7015625 0.19166666666666668
