3 0.628625 0.5503958333333333 0.17878125 0.6980833333333333
3 0.396875 0.24166666666666667 0.371875 0.37916666666666665 0.365625 0.3875 0.3703125 0.40208333333333335 0.36875 0.49375 0.3765625 0.5083333333333333 0.41875 0.5083333333333333 0.4625 0.5354166666666667 0.5046875 0.4354166666666667 0.5125 0.3625 0.515625 0.21041666666666667 0.4359375 0.19583333333333333
0 0.0046875 0.07083333333333333 0 0.07291666666666667 0 0.2604166666666667 0.0078125 0.25416666666666665 0.0359375 0.2791666666666667 0.0453125 0.27291666666666664 0.0609375 0.2833333333333333 0.071875 0.2708333333333333 0.078125 0.24791666666666667 0.1171875 0.22708333333333333 0.1359375 0.23333333333333334 0.1765625 0.1875 0.18125 0.07291666666666667 0.178125 0.0625 0.1640625 0.06041666666666667 0.159375 0.04791666666666667 0.1265625 0.03958333333333333
2 0.64375 0.05 0.640625 0.04583333333333333 0.6421875 0.027083333333333334 0.6453125 0.025 0.6484375 0.03125 0.6484375 0.041666666666666664 0.646875 0.04791666666666667 0.6453125 0.04791666666666667
2 0.6078125 0.14166666666666666 0.60625 0.12083333333333333 0.609375 0.11041666666666666 0.6140625 0.11041666666666666 0.6171875 0.12083333333333333 0.615625 0.1375 0.6125 0.14166666666666666 0.609375 0.14166666666666666
2 0.746875 0.058333333333333334 0.7484375 0.07291666666666667 0.746875 0.075 0.746875 0.08541666666666667 0.74375 0.0875 0.7390625 0.08333333333333333 0.7375 0.075 0.740625 0.058333333333333334 0.7421875 0.05625 0.7453125 0.058333333333333334
2 0.709375 0.058333333333333334 0.7125 0.0625 0.7125 0.08958333333333333 0.7078125 0.09375 0.7046875 0.0875 0.7046875 0.075 0.7078125 0.06041666666666667
2 0.33125 0.09375 0.3390625 0.10416666666666667 0.3375 0.13541666666666666 0.334375 0.13958333333333334 0.328125 0.14166666666666666 0.321875 0.13958333333333334 0.3234375 0.10625 0.325 0.1 0.3296875 0.09583333333333334
2 0 0.29791666666666666 0.0140625 0.29791666666666666 0.015625 0.3 0.0328125 0.29791666666666666 0.0390625 0.30416666666666664 0.0390625 0.34791666666666665 0.0265625 0.35833333333333334 0.0171875 0.3625 0.0078125 0.3625 0 0.35208333333333336 0 0.3
2 0.4640625 0.76875 0.4734375 0.7791666666666667 0.475 0.7895833333333333 0.478125 0.7958333333333333 0.4796875 0.8104166666666667 0.4859375 0.8208333333333333 0.490625 0.8229166666666666 0.49375 0.83125 0.49375 0.85625 0.490625 0.8666666666666667 0.490625 0.8791666666666667 0.4875 0.8833333333333333 0.4859375 0.89375 0.4875 0.90625 0.484375 0.9125 0.4875 0.9666666666666667 0.490625 0.9770833333333333 0.4890625 0.9791666666666666 0.490625 0.98125 0.4890625 0.9875 0.490625 0.9916666666666667 0.4875 0.9979166666666667 0.434375 0.9979166666666667 0.428125 0.9916666666666667 0.425 0.99375 0.4234375 0.9895833333333334 0.425 0.9854166666666667 0.421875 0.9770833333333333 0.428125 0.95 0.428125 0.9375 0.4328125 0.9270833333333334 0.4328125 0.88125 0.4359375 0.86875 0.4359375 0.8395833333333333 0.44375 0.8166666666666667 0.453125 0.8104166666666667 0.4515625 0.7791666666666667 0.4578125 0.76875 0.4625 0.76875
2 0.7015625 0.01875 0.70625 0.020833333333333332 0.7078125 0.029166666666666667 0.70625 0.0375 0.7015625 0.041666666666666664 0.7 0.03958333333333333 0.7 0.022916666666666665 0.7015625 0.020833333333333332
2 0.1921875 0.225 0.203125 0.23541666666666666 0.209375 0.24583333333333332 0.215625 0.24791666666666667 0.2140625 0.26458333333333334 0.20625 0.27291666666666664 0.1984375 0.27291666666666664 0.196875 0.275 0.1890625 0.275 0.184375 0.26666666666666666 0.184375 0.22916666666666666 0.190625 0.225
