1 0.77940625 0.6743333333333333 0.128203125 0.34143749999999995
1 0.328171875 0.5271875 0.149859375 0.2975625
1 0.7400781249999999 0.33356250000000004 0.0863125 0.15537499999999999
2 0.29778125 0.9398541666666667 0.056640625 0.11404166666666667
2 0.619140625 0.3612708333333333 0.019484375 0.0646875
2 0.581234375 0.3697916666666667 0.018203125 0.057229166666666664
2 0.8119999999999999 0.4553333333333333 0.01990625 0.06864583333333334
2 0.8881718749999999 0.6364375 0.036171875 0.1210625
1 0.9399843750000001 0.44937499999999997 0.098 0.23054166666666667
2 0.6584531250000001 0.4850625 0.028375 0.09272916666666667
1 0.50928125 0.27018749999999997 0.06737499999999999 0.13410416666666666
1 0.646484375 0.2298125 0.046875 0.11066666666666666
2 0.91796875 0.7994791666666666 0.041015625 0.09895833333333333
2 0.9643593750000001 0.7324166666666667 0.022468750000000003 0.06902083333333334
2 0.8403281249999999 0.49674999999999997 0.018546874999999997 0.06639583333333333
2 0.868171875 0.5338541666666666 0.01953125 0.052083333333333336
2 0.680671875 0.31445833333333334 0.015625 0.06120833333333333
1 0.602546875 0.49022916666666666 0.083984375 0.13672916666666665
1 0.73975 0.453125 0.08496875000000001 0.11979166666666667
1 0.8090781249999999 0.36654166666666665 0.00684375 0.03777083333333333
2 0.41309375 0.41991666666666666 0.013671875 0.03777083333333333
2 0.437015625 0.5885416666666666 0.024421875000000003 0.059895833333333336
2 0.486328125 0.49935416666666665 0.021484375 0.04558333333333333
2 0.503421875 0.40820833333333334 0.014656250000000001 0.050791666666666666
2 0.53809375 0.36133333333333334 0.015625 0.04558333333333333
2 0.575203125 0.2942708333333333 0.009765625 0.026041666666666668
2 0.6381875 0.30272916666666666 0.008796875 0.02735416666666667
