2 0.59071875 0.39256250000000004 0.098578125 0.14960416666666668
2 0.614640625 0.5842708333333333 0.11660937499999999 0.2618958333333333
4 0.33215625000000004 0.45197916666666665 0.19571875 0.5424375
3 0.08103125 0.9405 0.04046875 0.10710416666666665
0 0.80665625 0.3869166666666667 0.1776875 0.46329166666666666
3 0.199859375 0.9344374999999999 0.046640625000000005 0.11910416666666666
2 0.638671875 0.275875 0.06625 0.113625
3 0.51025 0.5110625 0.032234374999999996 0.06902083333333334
3 0.352546875 0.7740833333333333 0.021484375 0.05339583333333333
3 0.300296875 0.9648541666666667 0.06348437500000001 0.0625
3 0.490234375 0.6953125 0.02734375 0.08333333333333333
3 0.685546875 0.5442708333333334 0.029296875 0.07291666666666667
3 0.56934375 0.2617291666666667 0.01171875 0.057291666666666664
2 0.8247031249999999 0.7578125 0.14356249999999998 0.2265625
3 0.95215625 0.8196666666666667 0.041015625 0.08725000000000001
3 0.7060625 0.8261666666666667 0.041015625 0.1263125
3 0.9614218749999999 0.5195416666666667 0.028328125 0.0390625
3 0.966796875 0.6295625 0.021484375 0.058604166666666666
3 0.1171875 0.7988333333333333 0.03515625 0.09504166666666666