3 0.68990625 0.4533333333333333 0.131375 0.3139166666666667
3 0.827546875 0.4495416666666667 0.108375 0.2858958333333333
3 0.09440625 0.27175 0.12262500000000001 0.186125
1 0.850125 0.7240625 0.13046875 0.305625
1 0.32803125 0.5763333333333333 0.16514062499999999 0.28008333333333335
1 0.185765625 0.830375 0.27690625 0.32837500000000003
1 0.641890625 0.7707499999999999 0.14325000000000002 0.36304166666666665
2 0.5817812499999999 0.539125 0.019796875 0.10270833333333333
2 0.43289062500000003 0.6112083333333334 0.024421875000000003 0.0765625
3 0.4109375 0.2875 0.4109375 0.38125 0.4203125 0.3729166666666667 0.4203125 0.35833333333333334 0.4375 0.35208333333333336 0.490625 0.35625 0.5078125 0.38125 0.53125 0.33958333333333335 0.5390625 0.2791666666666667 0.525 0.16666666666666666 0.4578125 0.16041666666666668 0.4421875 0.17083333333333334 0.4265625 0.19375
3 0.61875 0.13541666666666666 0.6171875 0.20416666666666666 0.6265625 0.23958333333333334 0.675 0.24583333333333332 0.68125 0.2625 0.690625 0.20625 0.690625 0.14166666666666666 0.653125 0.11875 0.6265625 0.125
0 0.468171875 0.27820833333333334 0.12925 0.23108333333333334
1 0.4015625 0.41041666666666665 0.390625 0.45208333333333334 0.403125 0.4625 0.4125 0.4875 0.425 0.5583333333333333 0.4390625 0.55625 0.459375 0.525 0.490625 0.5354166666666667 0.5015625 0.53125 0.509375 0.48541666666666666 0.5078125 0.39166666666666666 0.4875 0.36041666666666666 0.434375 0.36041666666666666
2 0.53125 0.6666666666666666 0.5265625 0.7104166666666667 0.5359375 0.7395833333333334 0.5375 0.7854166666666667 0.546875 0.79375 0.559375 0.7604166666666666 0.559375 0.6916666666666667 0.5671875 0.6729166666666667 0.5390625 0.6583333333333333
2 0.4078125 0.6333333333333333 0.40625 0.6416666666666667 0.43125 0.675 0.4375 0.70625 0.4546875 0.7125 0.4484375 0.74375 0.4546875 0.7770833333333333 0.4734375 0.7520833333333333 0.484375 0.7020833333333333 0.48125 0.6895833333333333 0.4875 0.6854166666666667 0.49375 0.65625 0.478125 0.6333333333333333 0.44375 0.6270833333333333 0.425 0.6395833333333333
2 0.896875 0.5645833333333333 0.896875 0.5979166666666667 0.9125 0.6145833333333334 0.9265625 0.58125 0.9171875 0.5208333333333334 0.90625 0.51875
