2 0.646953125 0.43125 0.09037500000000001 0.1909583333333333
2 0.56528125 0.5491666666666667 0.12042187499999998 0.2937083333333333
3 0.8265156250000001 0.47270833333333334 0.026968750000000003 0.07297916666666666
2 0.7600781249999999 0.43387499999999996 0.074890625 0.13297916666666668
0 0.763484375 0.19954166666666667 0.095203125 0.18856250000000002
3 0.677046875 0.7124791666666667 0.031578125 0.1113125
0 0.4328125 0.14583333333333334 0.4265625 0.19166666666666668 0.4328125 0.2520833333333333 0.4796875 0.26458333333333334 0.4859375 0.2916666666666667 0.4859375 0.33958333333333335 0.4984375 0.35 0.51875 0.35 0.5609375 0.23958333333333334 0.559375 0.07708333333333334 0.490625 0.075 0.4390625 0.11875
4 0.0359375 0.5395833333333333 0 0.5791666666666667 0 0.9979166666666667 0.3109375 0.9979166666666667 0.33125 0.9333333333333333 0.3609375 0.8916666666666667 0.3734375 0.8291666666666667 0.3875 0.8125 0.4046875 0.6729166666666667 0.4046875 0.6458333333333334 0.396875 0.6291666666666667 0.3875 0.6291666666666667 0.384375 0.5958333333333333 0.3984375 0.5645833333333333 0.4015625 0.5333333333333333 0.4140625 0.5 0.409375 0.41875 0.4 0.38958333333333334 0.3703125 0.3541666666666667 0.3640625 0.31875 0.3390625 0.30833333333333335 0.26875 0.30625
2 0.4078125 0.39375 0.415625 0.4979166666666667 0.3828125 0.6125 0.403125 0.625 0.4390625 0.6270833333333333 0.4546875 0.6416666666666667 0.46875 0.5916666666666667 0.48125 0.5645833333333333 0.4921875 0.55625 0.4984375 0.5020833333333333 0.4984375 0.4083333333333333 0.490625 0.38333333333333336 0.471875 0.36875 0.425 0.36875
2 0.4125 0.27291666666666664 0.3984375 0.3125 0.384375 0.31875 0.3984375 0.3729166666666667 0.4109375 0.37916666666666665 0.43645781250000004 0.3625 0.471875 0.3625 0.48125 0.3416666666666667 0.478125 0.26875 0.4671875 0.2604166666666667 0.428125 0.25833333333333336
2 0.609375 0.27708333333333335 0.5984375 0.3145833333333333 0.6015625 0.4 0.6078125 0.39791666666666664 0.625 0.33541666666666664 0.6734375 0.3375 0.6640625 0.2791666666666667 0.625 0.26666666666666666
2 0.6328125 0.225 0.615625 0.25625 0.625 0.26666666666666666 0.665625 0.2791666666666667 0.671875 0.3229166666666667 0.678125 0.325 0.6828125 0.3020833333333333 0.6796875 0.27291666666666664 0.6859375 0.26458333333333334 0.6734375 0.22916666666666666
2 0.453125 0.9520833333333333 0.45 0.9979166666666667 0.628125 0.9979166666666667 0.634375 0.96875 0.6421875 0.7895833333333333 0.6359375 0.7520833333333333 0.5953125 0.7104166666666667 0.5734375 0.71875 0.5671875 0.7125 0.528125 0.7166666666666667 0.5046875 0.7291666666666666 0.490625 0.7583333333333333 0.475 0.8708333333333333
4 0.7234375 0.5791666666666667 0.715625 0.6854166666666667 0.721875 0.7291666666666666 0.7203125 0.8354166666666667 0.7265625 0.8541666666666666 0.721875 0.99375 0.9078125 0.9979166666666667 0.915625 0.9708333333333333 0.915625 0.8895833333333333 0.921875 0.8770833333333333 0.91875 0.7708333333333334 0.9234375 0.6895833333333333 0.915625 0.6854166666666667 0.915625 0.66875 0.9046875 0.65 0.903125 0.60625 0.8859375 0.54375 0.8703125 0.525 0.8109375 0.5 0.7796875 0.49375 0.74375 0.4979166666666667 0.7359375 0.5
3 0.925 0.7979166666666667 0.925 0.83125 0.934375 0.85 0.9265625 0.8833333333333333 0.9296875 0.8958333333333334 0.946875 0.9395833333333333 0.96875 0.9395833333333333 0.9890625 0.8541666666666666 0.9828125 0.76875 0.9515625 0.76875 0.934375 0.7791666666666667
3 0.53125 0.36041666666666666 0.528125 0.42083333333333334 0.5328125 0.425 0.5453125 0.4 0.559375 0.39375 0.5609375 0.35625 0.5453125 0.34791666666666665
3 0.55625 0.26875 0.5515625 0.3 0.565625 0.3375 0.575 0.3145833333333333 0.5765625 0.26666666666666666 0.5703125 0.2375
2 0.7296875 0.27291666666666664 0.7203125 0.32083333333333336 0.70625 0.32708333333333334 0.7140625 0.3416666666666667 0.7125 0.425 0.7203125 0.43125 0.7546875 0.3729166666666667 0.7921875 0.3854166666666667 0.8 0.35 0.7828125 0.3145833333333333 0.7828125 0.29375 0.775 0.2791666666666667 0.7484375 0.26875