4 0.80625 0.4359166666666667 0.10701562499999999 0.29060416666666666
2 0.26925 0.7398333333333333 0.195015625 0.4182916666666667
2 0.6561874999999999 0.678 0.127515625 0.3333125
2 0.36621875 0.45427083333333335 0.150546875 0.262125
2 0.844078125 0.7223333333333334 0.127390625 0.29964583333333333
2 0.278078125 0.19766666666666666 0.08367187499999999 0.1125
3 0.378671875 0.11322916666666667 0.019359375 0.063375
4 0.3984375 0.24166666666666667 0.3890625 0.3333333333333333 0.43125 0.3458333333333333 0.4359375 0.3541666666666667 0.4421875 0.4 0.440625 0.49375 0.4453125 0.5020833333333333 0.465625 0.5 0.4765625 0.46041666666666664 0.490625 0.44583333333333336 0.50625 0.3625 0.5140625 0.21666666666666667 0.5046875 0.20833333333333334 0.4328125 0.19375
2 0.5578125 0.45 0.565625 0.4875 0.55625 0.5645833333333333 0.5609375 0.5791666666666667 0.58125 0.5875 0.6015625 0.5875 0.6296875 0.49375 0.6609375 0.49375 0.6734375 0.475 0.6578125 0.375 0.6265625 0.35833333333333334 0.596875 0.36041666666666666 0.5828125 0.3875 0.5734375 0.4354166666666667
2 0.7015625 0.3104166666666667 0.703125 0.41041666666666665 0.734375 0.41875 0.75 0.35208333333333336 0.7453125 0.290625 0.7609375 0.26666666666666666 0.7453125 0.25833333333333336 0.7171875 0.25833333333333336
2 0.60625 0.27291666666666664 0.603125 0.30833333333333335 0.6453125 0.31875 0.6578125 0.3375 0.6625 0.3729166666666667 0.66875 0.3 0.6578125 0.25833333333333336 0.6453125 0.24583333333333332 0.625 0.24583333333333332 0.6109375 0.25833333333333336
2 0.646875 0.2125 0.6453125 0.2375 0.6640625 0.26666666666666666 0.6703125 0.29375 0.68125 0.29583333333333334 0.6875 0.28541666666666665 0.6984375 0.2916666666666667 0.703125 0.24166666666666667 0.6953125 0.18333333333333332 0.6609375 0.17291666666666666
2 0.515625 0.2520833333333333 0.503125 0.3875 0.55625 0.4 0.578125 0.325 0.578125 0.2833333333333333 0.5703125 0.25 0.559375 0.2375 0.5265625 0.23541666666666666
0 0.028125 0.11666666666666667 0 0.12083333333333333 0 0.26458333333333334 0.05625 0.26875 0.0796875 0.2520833333333333 0.1125 0.24791666666666667 0.115625 0.22291666666666668 0.1015625 0.19375 0.0953125 0.16041666666666668 0.071875 0.14166666666666666 0.0578125 0.11458333333333333
3 0.171875 0.23541666666666666 0.16875 0.3104166666666667 0.18125 0.31875 0.196875 0.3 0.2 0.24375 0.18125 0.2125
3 0.4140625 0.0875 0.4125 0.11666666666666667 0.4203125 0.12291666666666666 0.4265625 0.08958333333333333
3 0.9 0.5416666666666666 0.9046875 0.5770833333333333 0.8984375 0.6270833333333333 0.909375 0.64375 0.9140625 0.6708333333333333 0.921875 0.6770833333333334 0.9359375 0.6395833333333333 0.940625 0.5666666666666667 0.925 0.4895833333333333 0.915625 0.49375
2 0.784375 0.2 0.778125 0.21666666666666667 0.7828125 0.26875 0.83125 0.28125 0.821875 0.20416666666666666 0.8015625 0.19166666666666668
2 0.634375 0.15625 0.6328125 0.22083333333333333 0.64375 0.22291666666666668 0.6515625 0.19791666666666666 0.68125 0.17291666666666666 0.68125 0.16041666666666668 0.675 0.15 0.653125 0.14791666666666667
4 0.465625 0.12291666666666666 0.4625 0.19583333333333333 0.509375 0.20625 0.5171875 0.21666666666666667 0.5171875 0.23125 0.5421875 0.22916666666666666 0.5484375 0.20416666666666666 0.5484375 0.12916666666666668 0.521875 0.06041666666666667 0.50625 0.06041666666666667