1 0.8432656250000001 0.8443958333333333 0.18457812499999998 0.2981875
1 0.7890625 0.5905 0.150390625 0.21225
2 0.713875 0.26237499999999997 0.033203125 0.09245833333333334
1 0.422359375 0.42772916666666666 0.12792187500000002 0.19139583333333335
1 0.41309375 0.6497499999999999 0.154296875 0.3359375
2 0.20165625 0.8235625 0.059578125 0.22266666666666665
2 0.062015625 0.8912708333333333 0.06153125 0.20704166666666665
1 0.473640625 0.3007916666666667 0.087890625 0.1796875
1 0.51953125 0.265625 0.07421875 0.13802083333333334
0 0.6430625 0.23047916666666665 0.07323437499999999 0.19010416666666666
1 0.621578125 0.43424999999999997 0.09473437500000001 0.19922916666666665
1 0.615234375 0.6881458333333333 0.1328125 0.2981666666666667
