1 0.313 0.6100833333333333 0.15817187500000002 0.3000625
1 0.41779687499999996 0.3837083333333334 0.10801562499999999 0.19335416666666666
1 0.570421875 0.7720625 0.16999999999999998 0.417
1 0.60496875 0.4967916666666667 0.09953125 0.1841875
1 0.6295 0.35060416666666666 0.08578125 0.1701875
2 0.3413125 0.9209166666666667 0.06434375 0.15066666666666664
2 0.7979375 0.40891666666666665 0.021828125 0.0596875
2 0.85625 0.42083333333333334 0.865625 0.425 0.8703125 0.4395833333333333 0.8703125 0.475 0.8640625 0.5020833333333333 0.8578125 0.5083333333333333 0.8546875 0.50625 0.8546875 0.49583333333333335 0.8515625 0.4895833333333333 0.85 0.4708333333333333 0.8359375 0.44583333333333336 0.8375 0.4354166666666667 0.8421875 0.425 0.8546875 0.42291666666666666
2 0.721875 0.24166666666666667 0.725 0.25416666666666665 0.7234375 0.25833333333333336 0.725 0.2604166666666667 0.7265625 0.29791666666666666 0.7171875 0.3 0.7125 0.30416666666666664 0.70625 0.3 0.70625 0.25833333333333336 0.709375 0.24375 0.7203125 0.24166666666666667
2 0.49375 0.5145833333333333 0.5015625 0.5416666666666666 0.4984375 0.5458333333333333 0.4984375 0.5729166666666666 0.4953125 0.5854166666666667 0.4953125 0.6166666666666667 0.4890625 0.6354166666666666 0.490625 0.6395833333333333 0.490625 0.6625 0.4890625 0.6645833333333333 0.4828125 0.6645833333333333 0.478125 0.6604166666666667 0.475 0.6520833333333333 0.475 0.6416666666666667 0.465625 0.6291666666666667 0.465625 0.61875 0.4625 0.6125 0.4625 0.59375 0.4671875 0.5875 0.4671875 0.5645833333333333 0.465625 0.5625 0.4671875 0.525 0.4765625 0.5125 0.490625 0.5125 0.4921875 0.5145833333333333
2 0.7953125 0.3770833333333333 0.803125 0.37916666666666665 0.8078125 0.3854166666666667 0.809375 0.39166666666666666 0.809375 0.42083333333333334 0.8046875 0.42916666666666664 0.8046875 0.4479166666666667 0.8015625 0.4583333333333333 0.8 0.46041666666666664 0.79375 0.4583333333333333 0.7921875 0.4479166666666667 0.7875 0.44166666666666665 0.784375 0.43125 0.7875 0.41875 0.7859375 0.3854166666666667 0.7890625 0.37916666666666665 0.79375 0.37916666666666665
2 0.4453125 0.5916666666666667 0.4546875 0.5958333333333333 0.459375 0.6104166666666667 0.459375 0.6166666666666667 0.4546875 0.6229166666666667 0.4515625 0.6375 0.4421875 0.7291666666666666 0.43125 0.7416666666666667 0.428125 0.7541666666666667 0.4234375 0.75625 0.4203125 0.75625 0.4140625 0.75 0.415625 0.74375 0.4140625 0.7395833333333334 0.41875 0.7208333333333333 0.4171875 0.6770833333333334 0.41875 0.675 0.4203125 0.6083333333333333 0.4171875 0.6041666666666666 0.4171875 0.6 0.4265625 0.5979166666666667 0.434375 0.5895833333333333 0.4421875 0.5895833333333333 0.44375 0.5916666666666667
2 0.3109375 0.8479166666666667 0.3171875 0.8479166666666667 0.321875 0.8520833333333333 0.321875 0.86875 0.325 0.8729166666666667 0.3296875 0.8729166666666667 0.33125 0.8770833333333333 0.3453125 0.8770833333333333 0.3734375 0.8854166666666666 0.3734375 0.9041666666666667 0.365625 0.91875 0.3640625 0.9270833333333334 0.3640625 0.93125 0.3671875 0.9354166666666667 0.3671875 0.9458333333333333 0.36875 0.9479166666666666 0.3671875 0.9520833333333333 0.371875 0.95625 0.371875 0.96875 0.36875 0.9729166666666667 0.3671875 0.9833333333333333 0.36875 0.9895833333333334 0.3671875 0.9979166666666667 0.3234375 0.9979166666666667 0.321875 0.99375 0.3234375 0.91875 0.328125 0.9 0.3171875 0.8875 0.31875 0.8625 0.3109375 0.85
2 0.4734375 0.6208333333333333 0.475 0.625 0.4703125 0.6291666666666667 0.471875 0.64375 0.46875 0.6458333333333334 0.475 0.6541666666666667 0.4734375 0.6604166666666667 0.4875 0.6729166666666667 0.4875 0.6916666666666667 0.4859375 0.69375 0.4859375 0.7333333333333333 0.4875 0.7354166666666667 0.4859375 0.7479166666666667 0.4875 0.75625 0.4859375 0.7583333333333333 0.4859375 0.76875 0.490625 0.7791666666666667 0.490625 0.7895833333333333 0.475 0.8104166666666667 0.459375 0.8458333333333333 0.4546875 0.8520833333333333 0.45 0.8541666666666666 0.4421875 0.8479166666666667 0.4421875 0.8291666666666667 0.446875 0.8083333333333333 0.446875 0.7916666666666666 0.4421875 0.78125 0.4421875 0.7708333333333334 0.4453125 0.7625 0.4453125 0.74375 0.44375 0.7416666666666667 0.4453125 0.7166666666666667 0.446875 0.7145833333333333 0.4453125 0.7083333333333334 0.446875 0.70625 0.45 0.6729166666666667 0.45625 0.6645833333333333 0.4609375 0.65 0.4671875 0.64375 0.46875 0.63125 0.465625 0.6270833333333333 0.465625 0.6229166666666667 0.471875 0.6208333333333333
2 0.9453125 0.5166666666666667 0.9515625 0.5229166666666667 0.9515625 0.5458333333333333 0.95625 0.5583333333333333 0.965625 0.5666666666666667 0.9640625 0.5729166666666666 0.9640625 0.5854166666666667 0.965625 0.5875 0.9578125 0.6354166666666666 0.95 0.6520833333333333 0.9453125 0.66875 0.9359375 0.65 0.93125 0.6354166666666666 0.928125 0.59375 0.921875 0.5854166666666667 0.921875 0.5791666666666667 0.9265625 0.5708333333333333 0.925 0.5666666666666667 0.928125 0.5625 0.9296875 0.5520833333333334 0.940625 0.5395833333333333 0.9375 0.53125 0.9375 0.5229166666666667 0.9390625 0.51875 0.94375 0.5166666666666667
2 0.9515625 0.5854166666666667 0.953125 0.5875 0.9625 0.5875 0.9625 0.6083333333333333 0.959375 0.6166666666666667 0.95625 0.6416666666666667 0.95 0.65 0.946875 0.6604166666666667 0.9421875 0.6604166666666667 0.9390625 0.64375 0.9359375 0.6375 0.934375 0.6020833333333333 0.9390625 0.6 0.9453125 0.5875 0.95 0.5854166666666667
2 0.9515625 0.5729166666666666 0.95625 0.575 0.959375 0.5666666666666667 0.9640625 0.5666666666666667 0.9625 0.5729166666666666 0.9640625 0.5979166666666667 0.95625 0.6416666666666667 0.9453125 0.6645833333333333 0.940625 0.6604166666666667 0.9375 0.6520833333333333 0.9375 0.6458333333333334 0.9328125 0.6375 0.93125 0.63125 0.9328125 0.625 0.9296875 0.6104166666666667 0.9296875 0.5895833333333333 0.925 0.5875 0.9234375 0.58125 0.928125 0.5770833333333333 0.9328125 0.5770833333333333 0.9390625 0.56875 0.94375 0.56875 0.946875 0.5729166666666666 0.95 0.5729166666666666
2 0.553125 0.06666666666666667 0.55625 0.07708333333333334 0.55625 0.08958333333333333 0.5515625 0.09583333333333334 0.5453125 0.09375 0.54375 0.08958333333333333 0.54375 0.06666666666666667 0.5453125 0.06458333333333334 0.5515625 0.06666666666666667
1 0.515625 0.18333333333333332 0.509375 0.2375 0.5125 0.26458333333333334 0.540625 0.2625 0.56875 0.275 0.58125 0.24166666666666667 0.58125 0.15208333333333332 0.5671875 0.13958333333333334 0.5375 0.13958333333333334
3 0.696875 0.11666666666666667 0.7015625 0.24375 0.725 0.23125 0.734375 0.25833333333333336 0.73125 0.26666666666666666 0.7359375 0.275 0.746875 0.275 0.759375 0.19375 0.7609375 0.11666666666666667 0.753125 0.07708333333333334 0.7484375 0.07083333333333333 0.71875 0.07708333333333334 0.7046875 0.08958333333333333
