2 0.7680625 0.35664583333333333 0.07259375 0.13633333333333333
2 0.635484375 0.7353958333333334 0.148328125 0.4362291666666666
2 0.9130156250000001 0.44787499999999997 0.092671875 0.2025833333333333
2 0.659375 0.4655625 0.09859375000000001 0.1419375
3 0.972609375 0.6936666666666667 0.02165625 0.09233333333333334
3 0.53809375 0.5448333333333333 0.021765625 0.09614583333333333
2 0.4921875 0.23541666666666666 0.490625 0.26875 0.521875 0.28958333333333336 0.559375 0.28125 0.5609375 0.21458333333333332 0.5484375 0.18958333333333333 0.515625 0.18541666666666667
2 0.4875 0.175 0.4859375 0.21875 0.4921875 0.23541666666666666 0.509375 0.18958333333333333 0.540625 0.18541666666666667 0.540625 0.16041666666666668 0.5296875 0.14166666666666666 0.5109375 0.13958333333333334 0.4953125 0.15
3 0.503125 0.59375 0.5140625 0.6354166666666666 0.5015625 0.7145833333333333 0.515625 0.7541666666666667 0.51875 0.7395833333333334 0.5328125 0.725 0.5390625 0.7208333333333333 0.546875 0.7333333333333333 0.5546875 0.7270833333333333 0.5421875 0.6541666666666667 0.5484375 0.61875 0.55625 0.6104166666666667 0.55625 0.5916666666666667 0.5453125 0.5625 0.546875 0.5395833333333333 0.540625 0.5229166666666667 0.5265625 0.53125
3 0.584375 0.425 0.565625 0.43125 0.5515625 0.425 0.5515625 0.49375 0.5578125 0.5 0.5546875 0.525 0.5625 0.5395833333333333 0.578125 0.5270833333333333 0.5875 0.5291666666666667 0.58125 0.49583333333333335 0.5890625 0.44583333333333336
2 0.7765625 0.6041666666666666 0.7828125 0.66875 0.7734375 0.7229166666666667 0.7859375 0.76875 0.7796875 0.825 0.7875 0.8625 0.7953125 0.8729166666666667 0.859375 0.8895833333333333 0.9171875 0.8875 0.9265625 0.8375 0.9171875 0.8125 0.928125 0.7729166666666667 0.9265625 0.58125 0.925 0.5583333333333333 0.9015625 0.4895833333333333 0.8875 0.47291666666666665 0.7921875 0.45625 0.7859375 0.47291666666666665
4 0.7453125 0.47291666666666665 0.7453125 0.5375 0.759375 0.6083333333333333 0.76875 0.6208333333333333 0.778125 0.5895833333333333 0.7859375 0.46041666666666664 0.803125 0.45208333333333334 0.8296875 0.4625 0.871875 0.46458333333333335 0.8578125 0.4041666666666667 0.825 0.39166666666666666 0.821875 0.38333333333333336 0.778125 0.3875 0.7546875 0.375
4 0.26875 0.4583333333333333 0.2671875 0.5145833333333333 0.275 0.5208333333333334 0.271875 0.6333333333333333 0.2546875 0.7145833333333333 0.2640625 0.7625 0.2609375 0.7958333333333333 0.290625 0.8083333333333333 0.3015625 0.79375 0.315625 0.7958333333333333 0.321875 0.7875 0.3875 0.79375 0.4125 0.8145833333333333 0.415625 0.8375 0.440625 0.8416666666666667 0.446875 0.8020833333333334 0.4609375 0.7729166666666667 0.471875 0.675 0.4796875 0.64375 0.4984375 0.64375 0.5015625 0.6354166666666666 0.515625 0.5208333333333334 0.5421875 0.4354166666666667 0.5484375 0.36875 0.53125 0.34791666666666665 0.5375 0.3104166666666667 0.5140625 0.29375 0.4984375 0.3145833333333333 0.4859375 0.29375 0.465625 0.32708333333333334 0.45 0.33958333333333335 0.4265625 0.3375 0.40625 0.36875 0.3640625 0.36666666666666664 0.334375 0.3541666666666667 0.303125 0.3645833333333333 0.2875 0.425 0.271875 0.44166666666666665