1 0.21103125 0.7983541666666666 0.21389062499999997 0.38183333333333336
2 0.85603125 0.5375624999999999 0.02665625 0.07929166666666668
1 0.43323437499999995 0.33977083333333336 0.095765625 0.20552083333333335
2 0.5315624999999999 0.34447916666666667 0.0201875 0.09754166666666667
2 0.7872343749999999 0.5411041666666667 0.01559375 0.0675625
2 0.756390625 0.36475 0.018640625 0.0658125
2 0.9824375 0.6710625 0.034953125 0.10395833333333333
2 0.883375 0.3780208333333333 0.014390625 0.06527083333333333
3 0.615625 0.16666666666666666 0.6203125 0.18125 0.6140625 0.21041666666666667 0.625 0.26458333333333334 0.665625 0.27708333333333335 0.6921875 0.29791666666666666 0.709375 0.24791666666666667 0.715625 0.10833333333333334 0.709375 0.07916666666666666 0.69375 0.0625 0.6546875 0.05 0.6484375 0.058333333333333334 0.634375 0.058333333333333334 0.6265625 0.07916666666666666 0.63125 0.1 0.6234375 0.15
1 0.4765625 0.22916666666666666 0.4765625 0.2520833333333333 0.490625 0.26458333333333334 0.49375 0.3104166666666667 0.5203125 0.325 0.540625 0.28541666666666665 0.54375 0.23958333333333334 0.5390625 0.20833333333333334 0.5296875 0.19375 0.4984375 0.19375
1 0.7625 0.6666666666666666 0.7609375 0.8208333333333333 0.7796875 0.9541666666666667 0.8296875 0.9791666666666666 0.9 0.9854166666666667 0.9125 0.91875 0.9203125 0.9041666666666667 0.9265625 0.775 0.915625 0.7354166666666667 0.925 0.7125 0.925 0.6895833333333333 0.909375 0.6791666666666667 0.8953125 0.6458333333333334 0.7953125 0.625 0.7828125 0.6395833333333333 0.7703125 0.6416666666666667
3 0.5453125 0.42291666666666666 0.54375 0.44166666666666665 0.5546875 0.46875 0.55 0.5333333333333333 0.553125 0.6166666666666667 0.621875 0.63125 0.6453125 0.5854166666666667 0.671875 0.6145833333333334 0.68125 0.60625 0.703125 0.4979166666666667 0.69375 0.4583333333333333 0.703125 0.45625 0.709375 0.44166666666666665 0.7140625 0.34791666666666665 0.6890625 0.34791666666666665 0.6859375 0.32708333333333334 0.6734375 0.31666666666666665 0.6 0.30416666666666664 0.59375 0.32083333333333336 0.5671875 0.33541666666666664
2 0.73125 0.4583333333333333 0.73125 0.5145833333333333 0.75 0.5333333333333333 0.765625 0.525 0.7734375 0.5041666666666667 0.765625 0.425 0.7515625 0.4125 0.74375 0.41458333333333336
2 0.7734375 0.42291666666666666 0.778125 0.5041666666666667 0.7984375 0.5083333333333333 0.8 0.42291666666666666 0.7890625 0.4041666666666667 0.7828125 0.4041666666666667
2 0.378125 0.68125 0.3828125 0.6854166666666667 0.384375 0.69375 0.3875 0.6979166666666666 0.40625 0.7083333333333334 0.4203125 0.7083333333333334 0.428125 0.7125 0.428125 0.7208333333333333 0.421875 0.7354166666666667 0.4203125 0.75625 0.4140625 0.76875 0.4078125 0.7916666666666666 0.4078125 0.7979166666666667 0.4046875 0.80625 0.396875 0.8145833333333333 0.3921875 0.8104166666666667 0.390625 0.8041666666666667 0.3890625 0.7770833333333333 0.3875 0.775 0.390625 0.725 0.38125 0.7125 0.3828125 0.6979166666666666 0.371875 0.6875 0.371875 0.68125 0.3734375 0.6791666666666667 0.3765625 0.68125
2 0.6453125 0.6791666666666667 0.6609375 0.6875 0.6625 0.6958333333333333 0.659375 0.7020833333333333 0.6640625 0.7125 0.6609375 0.71875 0.6609375 0.7375 0.6625 0.7395833333333334 0.659375 0.7479166666666667 0.659375 0.7583333333333333 0.6609375 0.7604166666666666 0.65625 0.7645833333333333 0.64375 0.7645833333333333 0.6421875 0.7666666666666667 0.6328125 0.7666666666666667 0.6265625 0.7604166666666666 0.625 0.7125 0.6265625 0.7041666666666667 0.6359375 0.6895833333333333 0.6375 0.68125 0.64375 0.6791666666666667
2 0.9625 0.75 0.971875 0.7604166666666666 0.971875 0.76875 0.965625 0.775 0.9640625 0.78125 0.9671875 0.8 0.9671875 0.8166666666666667 0.9640625 0.825 0.9671875 0.8770833333333333 0.959375 0.9083333333333333 0.9546875 0.9166666666666666 0.9375 0.9166666666666666 0.928125 0.90625 0.9265625 0.8958333333333334 0.928125 0.8604166666666667 0.9265625 0.8520833333333333 0.928125 0.85 0.928125 0.83125 0.9296875 0.8291666666666667 0.9296875 0.7895833333333333 0.93125 0.7875 0.93125 0.7604166666666666 0.9328125 0.7541666666666667 0.9390625 0.75 0.953125 0.75 0.9546875 0.7520833333333333 0.9609375 0.75
2 0.809375 0.4375 0.80625 0.43125 0.80625 0.42083333333333334 0.8046875 0.41875 0.80625 0.4125 0.8046875 0.40625 0.8046875 0.3770833333333333 0.80625 0.36666666666666664 0.809375 0.36041666666666666 0.8171875 0.36041666666666666 0.821875 0.36875 0.821875 0.3958333333333333 0.8203125 0.39791666666666664 0.821875 0.4 0.8203125 0.40625 0.825 0.42083333333333334 0.825 0.42916666666666664 0.81875 0.4395833333333333 0.8140625 0.44166666666666665 0.8109375 0.4375
2 0.5453125 0.73125 0.546875 0.7333333333333333 0.5484375 0.73125 0.5546875 0.7333333333333333 0.559375 0.73125 0.5640625 0.7333333333333333 0.565625 0.7375 0.578125 0.7354166666666667 0.5765625 0.7583333333333333 0.5703125 0.76875 0.5703125 0.775 0.5671875 0.7833333333333333 0.5625 0.7895833333333333 0.5578125 0.7916666666666666 0.546875 0.7916666666666666 0.5390625 0.7791666666666667 0.521875 0.7770833333333333 0.5171875 0.7708333333333334 0.515625 0.7645833333333333 0.5171875 0.7625 0.5171875 0.7354166666666667 0.515625 0.7333333333333333 0.5171875 0.725 0.521875 0.725 0.53125 0.7375 0.5390625 0.73125 0.54375 0.73125
2 0.76015625 0.6520833333333333 0.0453125 0.13333333333333333
0 0.660625 0.18535416666666665 0.07565625000000001 0.16847916666666668
0 0.5124375 0.22570833333333334 0.07321875 0.19424999999999998