2 0.458671875 0.6225 0.0323125 0.10935416666666667
1 0.6044375 0.5074583333333333 0.120234375 0.3320625
2 0.699125 0.5084791666666667 0.026328125 0.11095833333333333
2 0.94040625 0.6856458333333334 0.0394375 0.1186875
2 0.7574062500000001 0.29652083333333334 0.017937500000000002 0.051062500000000004
2 0.51465625 0.4979166666666667 0.021296875 0.08658333333333333
2 0.8889531249999999 0.6028333333333333 0.033203125 0.10647916666666667
2 0.471 0.457 0.0249375 0.08472916666666667
2 0.78590625 0.3135 0.014203125 0.06152083333333334
2 0.42142187499999995 0.46441666666666664 0.013921875 0.0628125
2 0.6919375 0.4153125 0.013171875 0.07304166666666667
2 0.520546875 0.50375 0.01834375 0.09004166666666666
2 0.8089375000000001 0.4911041666666666 0.026109375 0.1156875
1 0.4569375 0.3048958333333333 0.08565625 0.15629166666666666
2 0.442390625 0.859375 0.03515625 0.1015625
2 0.35059375 0.7845 0.025390625 0.10547916666666667
2 0.422859375 0.5586041666666667 0.01953125 0.09375
2 0.28271875 0.5898541666666667 0.038093749999999996 0.10416666666666667
2 0.224125 0.793625 0.040046874999999996 0.10808333333333334
2 0.17871874999999998 0.7018333333333333 0.025390625 0.09895833333333333
2 0.290046875 0.9485625 0.0390625 0.10024999999999999
2 0.76465625 0.6542916666666667 0.0234375 0.07162500000000001
2 0.798828125 0.6673125 0.013671875 0.05339583333333333
2 0.92578125 0.5299583333333333 0.017578125 0.059895833333333336
2 0.9760781250000001 0.625 0.028328125 0.08072916666666667
2 0.9296875 0.46810416666666665 0.025390625 0.058604166666666666
2 0.8579062499999999 0.4427083333333333 0.026375 0.06510416666666667
2 0.74071875 0.42904166666666665 0.022468750000000003 0.07162500000000001
2 0.741703125 0.5162708333333333 0.032218750000000004 0.07160416666666666
2 0.765140625 0.5807291666666666 0.022468750000000003 0.044270833333333336
2 0.31884375 0.48893749999999997 0.026375 0.06641666666666667
2 0.520015625 0.2851666666666667 0.018562500000000003 0.0625
3 0.541015625 0.21614583333333334 0.05859375 0.13802083333333334
1 0.6274375 0.3007916666666667 0.07129687500000001 0.1171875
1 0.672359375 0.2526041666666667 0.055671875 0.1171875
2 0.8051718749999999 0.8118541666666667 0.038093749999999996 0.10287500000000001
2 0.70946875 0.352875 0.016609375000000003 0.052083333333333336
2 0.723140625 0.31185416666666665 0.014656250000000001 0.050791666666666666
2 0.7685625 0.9088541666666666 0.029296875 0.12239583333333333
2 0.953125 0.8977916666666667 0.033203125 0.11589583333333334
2 0.8735312499999999 0.8020833333333334 0.024421875000000003 0.08072916666666667
2 0.33496875 0.6816458333333333 0.029296875 0.08725000000000001
2 0.88575 0.33397916666666666 0.021484375 0.0481875
