1 0.8793906249999999 0.8073750000000001 0.174421875 0.38525
1 0.310140625 0.593875 0.14453125 0.2950416666666667
1 0.61184375 0.46327083333333335 0.109328125 0.19497916666666668
1 0.641578125 0.302 0.0754375 0.12772916666666667
1 0.78053125 0.5441041666666667 0.09618750000000001 0.1995
2 0.34015625 0.9340208333333333 0.0764375 0.12195833333333334
1 0.732625 0.233 0.05703125 0.1156875
2 0.7049218749999999 0.3858125 0.01825 0.07483333333333334
1 0.425 0.36666666666666664 0.425 0.47708333333333336 0.4734375 0.48333333333333334 0.5078125 0.4979166666666667 0.5125 0.45625 0.521875 0.4479166666666667 0.525 0.43125 0.5265625 0.33958333333333335 0.51875 0.3125 0.5109375 0.30416666666666664 0.465625 0.29583333333333334 0.4453125 0.32916666666666666 0.4375 0.35833333333333334
1 0.5 0.8020833333333334 0.5046875 0.8270833333333333 0.496875 0.84375 0.5 0.9 0.521875 0.9604166666666667 0.5484375 0.9625 0.553125 0.975 0.559375 0.9708333333333333 0.5875 0.9854166666666667 0.590625 0.9791666666666666 0.621875 0.9854166666666667 0.628125 0.9979166666666667 0.6671875 0.9895833333333334 0.671875 0.9104166666666667 0.659375 0.89375 0.653125 0.8583333333333333 0.6828125 0.8375 0.6921875 0.7479166666666667 0.6875 0.65 0.6765625 0.5708333333333333 0.6671875 0.5520833333333334 0.6546875 0.5479166666666667 0.6375 0.5625 0.60625 0.5520833333333334 0.5765625 0.55625 0.5625 0.5895833333333333 0.54375 0.7 0.521875 0.70625 0.5234375 0.7458333333333333 0.5140625 0.7854166666666667
1 0.8265625 0.33541666666666664 0.8234375 0.375 0.846875 0.4041666666666667 0.85 0.41875 0.85625 0.4270833333333333 0.890625 0.43125 0.9 0.44166666666666665 0.90625 0.4270833333333333 0.9078125 0.38125 0.89375 0.3125 0.8828125 0.28958333333333336 0.865625 0.27708333333333335 0.840625 0.28541666666666665
3 0.6328125 0.13125 0.6265625 0.15208333333333332 0.628125 0.19791666666666666 0.65625 0.19791666666666666 0.675 0.21458333333333332 0.68125 0.16458333333333333 0.6765625 0.12708333333333333 0.6515625 0.11875
2 0.2234375 0.85 0.2390625 0.9979166666666667 0.26875 0.9979166666666667 0.3 0.9208333333333333 0.3 0.8854166666666666 0.2875 0.8958333333333334 0.271875 0.8770833333333333
3 0.4671875 0.16875 0.4671875 0.2833333333333333 0.478125 0.29583333333333334 0.5140625 0.30416666666666664 0.525 0.325 0.5265625 0.3541666666666667 0.5328125 0.35833333333333334 0.559375 0.2916666666666667 0.5734375 0.22083333333333333 0.5765625 0.14583333333333334 0.5875 0.1375 0.5765625 0.09791666666666667 0.5765625 0.07291666666666667 0.525 0.052083333333333336 0.4875 0.06666666666666667 0.4703125 0.09791666666666667
2 0.865625 0.55625 0.8609375 0.6083333333333333 0.896875 0.6166666666666667 0.909375 0.5541666666666667 0.8890625 0.5020833333333333 0.8796875 0.5041666666666667 0.875 0.5395833333333333
2 0.834375 0.45625 0.8421875 0.5395833333333333 0.85625 0.5166666666666667 0.859375 0.4666666666666667 0.8578125 0.46041666666666664
2 0.765625 0.3458333333333333 0.7609375 0.38958333333333334 0.7734375 0.40208333333333335 0.7796875 0.39375 0.78125 0.3625 0.775 0.3416666666666667
2 0.7859375 0.27291666666666664 0.7875 0.31666666666666665 0.7921875 0.32916666666666666 0.8 0.33125 0.80625 0.2875 0.796875 0.25 0.7921875 0.25
