1 0.46451562500000004 0.40510416666666665 0.115078125 0.26054166666666667
1 0.32292187499999997 0.6590833333333334 0.18159375 0.3446458333333334
2 0.561890625 0.5363749999999999 0.033109375 0.10227083333333334
2 0.65 0.5291666666666667 0.659375 0.6020833333333333 0.6578125 0.6416666666666667 0.6671875 0.6708333333333333 0.675 0.6666666666666666 0.6859375 0.6291666666666667 0.6875 0.54375 0.671875 0.5354166666666667 0.6609375 0.5395833333333333
2 0.734375 0.15416666666666667 0.7375 0.15625 0.7375 0.175 0.734375 0.19166666666666668 0.7296875 0.19166666666666668 0.728125 0.18541666666666667 0.728125 0.15833333333333333 0.7328125 0.15416666666666667
2 0.7171875 0.18125 0.71875 0.18333333333333332 0.71875 0.21041666666666667 0.7125 0.21875 0.709375 0.21875 0.70625 0.21458333333333332 0.7046875 0.18958333333333333 0.709375 0.17916666666666667 0.715625 0.18125
2 0.5078125 0.13229166666666667 0.01875 0.035416666666666666
2 0.028125 0.30416666666666664 0.0359375 0.31666666666666665 0.0390625 0.32916666666666666 0.04375 0.32916666666666666 0.0453125 0.3229166666666667 0.0453125 0.33958333333333335 0.0421875 0.35 0.01875 0.3625 0.0140625 0.35833333333333334 0.015625 0.30833333333333335 0.01875 0.30416666666666664 0.0265625 0.30416666666666664
2 0.7921875 0.23333333333333334 0.7953125 0.23541666666666666 0.7953125 0.2625 0.79375 0.26458333333333334 0.79375 0.2791666666666667 0.7890625 0.2875 0.784375 0.2833333333333333 0.7828125 0.27708333333333335 0.7828125 0.23541666666666666 0.790625 0.23333333333333334
2 0.6078125 0.0625 0.6125 0.0625 0.6171875 0.08125 0.6171875 0.09375 0.6140625 0.1 0.6046875 0.09583333333333334 0.6046875 0.07083333333333333 0.6078125 0.06458333333333334
2 0.7828125 0.15833333333333333 0.7875 0.1625 0.7875 0.175 0.7828125 0.19583333333333333 0.7796875 0.19791666666666666 0.7765625 0.19166666666666668 0.7765625 0.16458333333333333 0.778125 0.16041666666666668 0.78125 0.16041666666666668
