2 0.0673125 0.24735416666666668 0.115984375 0.13874999999999998
3 0.45 0.90625 0.459375 0.9208333333333333 0.4625 0.9208333333333333 0.459375 0.9229166666666667 0.4609375 0.9291666666666667 0.4671875 0.93125 0.4734375 0.9375 0.478125 0.95 0.484375 0.9854166666666667 0.4875 0.9916666666666667 0.4859375 0.9979166666666667 0.446875 0.9979166666666667 0.4453125 0.9958333333333333 0.44375 0.9979166666666667 0.4015625 0.9979166666666667 0.40625 0.9833333333333333 0.4171875 0.9625 0.415625 0.9291666666666667 0.4203125 0.9145833333333333 0.4234375 0.9104166666666667 0.4359375 0.9041666666666667 0.446875 0.9041666666666667 0.4484375 0.90625
3 0.6 0.3104166666666667 0.5984375 0.3 0.6 0.2916666666666667 0.596875 0.2833333333333333 0.5859375 0.27708333333333335 0.590625 0.25833333333333336 0.5921875 0.23958333333333334 0.5984375 0.23125 0.6015625 0.23333333333333334 0.6015625 0.24375 0.6046875 0.24791666666666667 0.6078125 0.26458333333333334 0.6078125 0.3020833333333333 0.6015625 0.3104166666666667
3 0.584375 0.3104166666666667 0.5984375 0.3145833333333333 0.6015625 0.3229166666666667 0.6015625 0.33958333333333335 0.5984375 0.35 0.5953125 0.3875 0.590625 0.4041666666666667 0.590625 0.4166666666666667 0.5859375 0.4270833333333333 0.5796875 0.4270833333333333 0.578125 0.3416666666666667 0.5796875 0.33125 0.584375 0.32083333333333336 0.584375 0.3125
3 0.809375 0.15416666666666667 0.8140625 0.16041666666666668 0.8140625 0.17708333333333334 0.8078125 0.19166666666666668 0.8015625 0.19166666666666668 0.7953125 0.18541666666666667 0.7953125 0.17291666666666666 0.8 0.15833333333333333 0.803125 0.15416666666666667 0.8078125 0.15416666666666667
3 0.7640625 0.175 0.76875 0.18125 0.76875 0.19375 0.7625 0.21666666666666667 0.759375 0.21666666666666667 0.7546875 0.21041666666666667 0.7546875 0.18125 0.7578125 0.175 0.7625 0.175
3 0.596875 0.275 0.6 0.2833333333333333 0.6 0.3125 0.5984375 0.3145833333333333 0.584375 0.3125 0.5828125 0.3020833333333333 0.584375 0.3 0.584375 0.28125 0.5859375 0.27708333333333335 0.5875 0.275 0.5953125 0.275
3 0.5265625 0.6104166666666667 0.528125 0.6125 0.546875 0.6145833333333334 0.55625 0.6208333333333333 0.55625 0.625 0.5484375 0.6333333333333333 0.553125 0.6520833333333333 0.553125 0.6916666666666667 0.5515625 0.69375 0.55 0.71875 0.5421875 0.7375 0.5390625 0.7645833333333333 0.5359375 0.76875 0.5296875 0.76875 0.5234375 0.7645833333333333 0.5203125 0.75625 0.521875 0.7041666666666667 0.5171875 0.68125 0.5171875 0.6520833333333333 0.521875 0.6291666666666667 0.5109375 0.6166666666666667 0.5171875 0.6104166666666667 0.525 0.6104166666666667
3 0.6078125 0.21666666666666667 0.6140625 0.21666666666666667 0.6171875 0.22916666666666666 0.6171875 0.2625 0.615625 0.26666666666666666 0.6109375 0.26875 0.6078125 0.26458333333333334 0.6046875 0.25 0.6046875 0.22708333333333333 0.6078125 0.21875
3 0.525 0.1625 0.5265625 0.18125 0.525 0.19166666666666668 0.521875 0.19583333333333333 0.5140625 0.19375 0.5125 0.175 0.515625 0.1625 0.5234375 0.1625
3 0.7328125 0.19166666666666668 0.7375 0.16875 0.740625 0.16458333333333333 0.7453125 0.16458333333333333 0.746875 0.16666666666666666 0.746875 0.19583333333333333 0.74375 0.20416666666666666 0.740625 0.20625 0.7359375 0.20208333333333334 0.734375 0.19375
3 0.8484375 0.2375 0.8546875 0.24375 0.853125 0.25416666666666665 0.8546875 0.26875 0.846875 0.28541666666666665 0.8375 0.28541666666666665 0.8328125 0.27291666666666664 0.834375 0.25 0.8375 0.23958333333333334 0.8390625 0.2375 0.846875 0.2375
3 0.8484375 0.32916666666666666 0.8609375 0.33125 0.865625 0.33958333333333335 0.865625 0.36041666666666666 0.8625 0.375 0.8609375 0.40208333333333335 0.859375 0.40625 0.853125 0.40625 0.8484375 0.4 0.8453125 0.38958333333333334 0.8453125 0.34375 0.8484375 0.33125
3 0.253125 0.9479166666666666 0.2578125 0.95625 0.259375 0.98125 0.26875 0.99375 0.26875 0.9979166666666667 0.221875 0.9979166666666667 0.221875 0.99375 0.225 0.9916666666666667 0.228125 0.98125 0.2328125 0.9520833333333333 0.24375 0.94375 0.2515625 0.9479166666666666
4 0.1953125 0.5104166666666666 0.1859375 0.6145833333333334 0.1796875 0.6229166666666667 0.1859375 0.7027770833333334 0.1796875 0.7708333333333334 0.203125 0.8541666666666666 0.215625 0.8666666666666667 0.2421875 0.8604166666666667 0.3125 0.8791666666666667 0.3359375 0.86875 0.3671875 0.8854166666666666 0.36875 0.90625 0.3828125 0.9229166666666667 0.390625 0.9104166666666667 0.403125 0.8333333333333334 0.434375 0.7354166666666667 0.44375 0.7166666666666667 0.459375 0.7104166666666667 0.46875 0.6958333333333333 0.4828125 0.6333333333333333 0.484375 0.5354166666666667 0.496875 0.5041666666666667 0.50625 0.45208333333333334 0.5109375 0.25 0.4953125 0.2520833333333333 0.4796875 0.28541666666666665 0.4578125 0.30625 0.290625 0.28541666666666665 0.2703125 0.28125 0.2640625 0.26666666666666666 0.2359375 0.28541666666666665 0.228125 0.29583333333333334
2 0.5109375 0.30416666666666664 0.509375 0.3875 0.5328125 0.40208333333333335 0.5453125 0.42083333333333334 0.565625 0.3229166666666667 0.565625 0.26458333333333334 0.5546875 0.23541666666666666 0.51875 0.23333333333333334
2 0.6015625 0.6791666666666667 0.603125 0.6958333333333333 0.6140625 0.7145833333333333 0.596875 0.8270833333333333 0.6046875 0.89375 0.63125 0.9145833333333333 0.709375 0.9395833333333333 0.725 0.9395833333333333 0.7390625 0.9291666666666667 0.734375 0.8416666666666667 0.7265625 0.81875 0.7328125 0.7854166666666667 0.7484375 0.7729166666666667 0.7453125 0.75625 0.75625 0.7041666666666667 0.7375 0.51875 0.68125 0.5020833333333333 0.640625 0.5020833333333333 0.621875 0.5979166666666667 0.6203125 0.6395833333333333
2 0.6328125 0.3229166666666667 0.63125 0.3375 0.66875 0.35 0.6765625 0.39166666666666666 0.678125 0.47708333333333336 0.6953125 0.4895833333333333 0.703125 0.39166666666666666 0.690625 0.31666666666666665 0.68125 0.30833333333333335 0.64375 0.3020833333333333
2 0.5703125 0.50625 0.5703125 0.6041666666666666 0.58125 0.6145833333333334 0.6015625 0.6125 0.615625 0.5979166666666667 0.628125 0.5666666666666667 0.6328125 0.5125 0.6484375 0.49583333333333335 0.6671875 0.49583333333333335 0.6765625 0.48125 0.675 0.37916666666666665 0.6640625 0.3458333333333333 0.621875 0.3375 0.6046875 0.3416666666666667 0.590625 0.41458333333333336 0.5734375 0.4375 0.58125 0.47708333333333336
2 0.6234375 0.28541666666666665 0.621875 0.33125 0.634375 0.30625 0.6578125 0.3020833333333333 0.690625 0.3125 0.684375 0.2604166666666667 0.66875 0.24375 0.6390625 0.24375
2 0.6859375 0.21666666666666667 0.6828125 0.24375 0.6984375 0.3229166666666667 0.7046875 0.33541666666666664 0.725 0.3416666666666667 0.7328125 0.28958333333333336 0.7265625 0.22916666666666666 0.715625 0.21458333333333332
2 0.634375 0.19583333333333333 0.63125 0.23541666666666666 0.6359375 0.24375 0.6796875 0.24583333333333332 0.684375 0.19375 0.678125 0.1625 0.646875 0.15833333333333333
2 0.4703125 0.23125 0.4609375 0.28958333333333336 0.4734375 0.28125 0.49921875 0.234375 0.5234375 0.22708333333333333 0.5296875 0.21458333333333332 0.521875 0.20208333333333334 0.4875 0.2
2 0.5265625 0.175 0.525 0.19791666666666666 0.534375 0.225 0.55625 0.23333333333333334 0.5671875 0.25833333333333336 0.58125 0.2625 0.584375 0.18958333333333333 0.5734375 0.16041666666666668 0.5421875 0.15625