1 0.664453125 0.20491666666666666 0.05715625 0.09816666666666667
1 0.271171875 0.6148541666666667 0.195859375 0.3579791666666667
1 0.74725 0.3033541666666667 0.067765625 0.12333333333333334
2 0.542765625 0.3773958333333333 0.014515624999999999 0.04879166666666667
2 0.745640625 0.46468750000000003 0.031468750000000004 0.08997916666666667
3 0.41479687500000006 0.34570833333333334 0.14951562499999999 0.3109375
2 0.8825312500000001 0.4937916666666667 0.02471875 0.07520833333333334
1 0.6499843750000001 0.2992708333333333 0.075046875 0.13454166666666667
2 0.50146875 0.62175 0.041999999999999996 0.10287500000000001
2 0.404296875 0.5885416666666666 0.033203125 0.07291666666666667
2 0.4716875 0.5052083333333334 0.025390625 0.08333333333333333
2 0.3935625 0.9095 0.03515625 0.10287500000000001
2 0.431640625 0.6992291666666667 0.0234375 0.1015625
3 0.613765625 0.6836041666666667 0.17481249999999998 0.4375
2 0.836921875 0.7682291666666666 0.138671875 0.4036458333333333
1 0.79834375 0.5208333333333334 0.09668750000000001 0.15104166666666666
2 0.9692343749999999 0.8756458333333333 0.016609375000000003 0.06120833333333333
2 0.9653281249999999 0.6705833333333333 0.018562500000000003 0.06770833333333333
2 0.9233437500000001 0.7057291666666666 0.014656250000000001 0.059895833333333336
2 0.9741250000000001 0.5455833333333333 0.020499999999999997 0.0546875
2 0.8686562500000001 0.45116666666666666 0.016609375000000003 0.035166666666666666
2 0.525875 0.5162708333333333 0.024421875000000003 0.040375
2 0.588875 0.3190208333333333 0.013671875 0.044270833333333336
2 0.567875 0.3190208333333333 0.012703125000000001 0.03125
2 0.7211875 0.41602083333333334 0.016609375000000003 0.0481875
2 0.7836875 0.39647916666666666 0.01075 0.040375
2 0.8154375 0.3685 0.021484375 0.049479166666666664
2 0.8374062500000001 0.31314583333333335 0.014656250000000001 0.0325625
