3 0.799265625 0.41625 0.10865625000000001 0.24747916666666667
1 0.8425156250000001 0.6561458333333333 0.13543750000000002 0.252375
3 0.180421875 0.6642291666666666 0.345015625 0.6588958333333333
2 0.717875 0.4455208333333333 0.025234374999999996 0.0925625
3 0.61896875 0.6440625 0.155125 0.49247916666666663
2 0.5224375 0.5486666666666667 0.024906249999999998 0.08143750000000001
3 0.14259375000000002 0.195875 0.123 0.14254166666666668
2 0.8921875 0.43125 0.8953125 0.43333333333333335 0.8984375 0.45416666666666666 0.8984375 0.49166666666666664 0.8953125 0.5041666666666667 0.8921875 0.5041666666666667 0.8859375 0.49375 0.8859375 0.47708333333333336 0.88125 0.4666666666666667 0.88125 0.44166666666666665 0.8859375 0.43333333333333335 0.890625 0.43125
2 0.84375 0.23125 0.853125 0.23541666666666666 0.8546875 0.24166666666666667 0.853125 0.2708333333333333 0.8484375 0.27708333333333335 0.8390625 0.26666666666666666 0.8375 0.2604166666666667 0.8375 0.23541666666666666 0.8421875 0.23125
2 0.3265625 0.9083333333333333 0.33125 0.90625 0.3328125 0.9104166666666667 0.34375 0.9145833333333333 0.3609375 0.9125 0.365625 0.9145833333333333 0.3703125 0.9208333333333333 0.371875 0.9270833333333334 0.36875 0.95625 0.3640625 0.9604166666666667 0.3609375 0.9708333333333333 0.3640625 0.9833333333333333 0.3625 0.99375 0.35625 0.9979166666666667 0.3171875 0.9979166666666667 0.3140625 0.9875 0.3140625 0.975 0.3203125 0.9541666666666667 0.3203125 0.94375 0.3140625 0.9333333333333333 0.3140625 0.9208333333333333 0.3171875 0.9145833333333333 0.3265625 0.9104166666666667
2 0.55 0.3645833333333333 0.5546875 0.37083333333333335 0.5640625 0.375 0.565625 0.38333333333333336 0.56875 0.3875 0.5625 0.3958333333333333 0.5640625 0.4166666666666667 0.5671875 0.42916666666666664 0.5671875 0.4479166666666667 0.5640625 0.46458333333333335 0.55625 0.46458333333333335 0.5546875 0.4625 0.553125 0.4479166666666667 0.5453125 0.43333333333333335 0.5421875 0.41875 0.5453125 0.4083333333333333 0.5453125 0.3875 0.5484375 0.36666666666666664
2 0.828125 0.8729166666666667 0.8375 0.8791666666666667 0.8484375 0.8916666666666667 0.8515625 0.90625 0.8484375 0.96875 0.8421875 0.9770833333333333 0.8328125 0.9770833333333333 0.8265625 0.9729166666666667 0.8234375 0.9666666666666667 0.8234375 0.95625 0.81875 0.9458333333333333 0.8171875 0.925 0.8109375 0.9083333333333333 0.8140625 0.8708333333333333 0.8203125 0.86875 0.8265625 0.8729166666666667
2 0.9046875 0.32708333333333334 0.9078125 0.3333333333333333 0.909375 0.38333333333333336 0.903125 0.3875 0.8953125 0.3854166666666667 0.8921875 0.37083333333333335 0.8921875 0.3333333333333333 0.896875 0.325 0.903125 0.32708333333333334
2 0.7203125 0.4083333333333333 0.7296875 0.42083333333333334 0.7296875 0.44166666666666665 0.728125 0.44375 0.728125 0.45416666666666666 0.7296875 0.45625 0.728125 0.4583333333333333 0.728125 0.4895833333333333 0.725 0.5020833333333333 0.71875 0.5125 0.7140625 0.5125 0.70625 0.4979166666666667 0.7046875 0.44583333333333336 0.703125 0.44375 0.703125 0.42083333333333334 0.7140625 0.4083333333333333 0.71875 0.4083333333333333
2 0.9515625 0.7666666666666667 0.9578125 0.76875 0.9703125 0.7666666666666667 0.978125 0.7791666666666667 0.9828125 0.8083333333333333 0.98125 0.8291666666666667 0.978125 0.8395833333333333 0.978125 0.8645833333333334 0.9734375 0.86875 0.9546875 0.86875 0.94375 0.8645833333333334 0.940625 0.8604166666666667 0.940625 0.84375 0.9421875 0.8416666666666667 0.940625 0.8375 0.9421875 0.8354166666666667 0.9421875 0.81875 0.9453125 0.8104166666666667 0.9515625 0.76875
2 0.603125 0.23125 0.60625 0.23958333333333334 0.6046875 0.26875 0.6015625 0.2791666666666667 0.59375 0.2916666666666667 0.590625 0.2916666666666667 0.5875 0.28541666666666665 0.5875 0.23333333333333334 0.590625 0.22708333333333333 0.5984375 0.22708333333333333 0.6015625 0.23125
2 0.5046875 0.44166666666666665 0.5125 0.44166666666666665 0.5203125 0.43125 0.5265625 0.43333333333333335 0.5265625 0.4375 0.5296875 0.44166666666666665 0.5296875 0.45416666666666666 0.5328125 0.4625 0.53125 0.47291666666666665 0.5359375 0.47708333333333336 0.540625 0.49583333333333335 0.5390625 0.525 0.5359375 0.5291666666666667 0.5328125 0.5270833333333333 0.5265625 0.5104166666666666 0.5171875 0.5020833333333333 0.5078125 0.5145833333333333 0.503125 0.50625 0.5015625 0.49583333333333335 0.50625 0.4625 0.5046875 0.44375
2 0.5234375 0.5083333333333333 0.528125 0.5166666666666667 0.5296875 0.5270833333333333 0.5359375 0.5354166666666667 0.5390625 0.5458333333333333 0.5390625 0.5645833333333333 0.5359375 0.5729166666666666 0.5359375 0.6083333333333333 0.5296875 0.6291666666666667 0.515625 0.6291666666666667 0.5109375 0.6229166666666667 0.5125 0.5979166666666667 0.509375 0.58125 0.5078125 0.5354166666666667 0.5140625 0.5083333333333333 0.515625 0.50625 0.521875 0.5083333333333333
2 0.825 0.19791666666666666 0.8375 0.2 0.8375 0.21875 0.834375 0.23125 0.8234375 0.23125 0.821875 0.22708333333333333 0.8203125 0.21666666666666667 0.825 0.2
2 0.4125 0.8083333333333333 0.4203125 0.8270833333333333 0.4109375 0.8791666666666667 0.41875 0.8791666666666667 0.4171875 0.8958333333333334 0.428125 0.9 0.4421875 0.8833333333333333 0.459375 0.8854166666666666 0.4640625 0.8354166666666667 0.490625 0.78125 0.478125 0.73680625 0.4796875 0.6979166666666666 0.4703125 0.66875 0.4546875 0.6729166666666667 0.4453125 0.6625 0.4390625 0.66875 0.4375 0.7291666666666666 0.425 0.75
0 0.23125 0.325 0.2265625 0.3333333333333333 0.2296875 0.3770833333333333 0.3375 0.39791666666666664 0.35625 0.4083333333333333 0.353125 0.4979166666666667 0.3484375 0.5041666666666667 0.353125 0.5333333333333333 0.3453125 0.7520833333333333 0.3515625 0.7666666666666667 0.3765625 0.76875 0.3984375 0.7270833333333333 0.4375 0.60625 0.465625 0.575 0.4640625 0.54375 0.4828125 0.37083333333333335 0.4875 0.2125 0.4828125 0.20416666666666666 0.4421875 0.18958333333333333 0.371875 0.18541666666666667 0.325 0.22291666666666668 0.3 0.2604166666666667 0.2515625 0.29791666666666666