1 0.41465625 0.46825 0.13228125 0.23485416666666667
1 0.504765625 0.2952291666666667 0.090671875 0.17981250000000001
1 0.275203125 0.7233541666666666 0.2245625 0.4503333333333333
1 0.622 0.690875 0.140671875 0.3709166666666667
1 0.8204375 0.7866041666666667 0.1570625 0.39466666666666667
0 0.0750625 0.1963125 0.1489375 0.2510625
2 0.6828125 0.17291666666666666 0.690625 0.17291666666666666 0.6921875 0.19583333333333333 0.69375 0.19791666666666666 0.690625 0.20416666666666666 0.6828125 0.20416666666666666 0.6796875 0.2 0.6796875 0.18958333333333333 0.6828125 0.175
2 0.825 0.19375 0.83125 0.20208333333333334 0.828125 0.22916666666666666 0.825 0.23333333333333334 0.8171875 0.23125 0.8140625 0.225 0.8140625 0.20208333333333334 0.81875 0.19375 0.8234375 0.19375
2 0.721875 0.20416666666666666 0.015625 0.0375
2 0.4671875 0.25 0.4703125 0.25625 0.4703125 0.2791666666666667 0.46875 0.2833333333333333 0.4640625 0.28541666666666665 0.459375 0.2833333333333333 0.4578125 0.25625 0.4609375 0.25 0.465625 0.25
2 0.4765625 0.06041666666666667 0.48125 0.06458333333333334 0.4828125 0.07083333333333333 0.48125 0.09375 0.4796875 0.09583333333333334 0.471875 0.09583333333333334 0.4703125 0.09375 0.471875 0.06875 0.475 0.0625
2 0.6875 0.20625 0.6921875 0.2125 0.6921875 0.2375 0.6859375 0.25833333333333336 0.68125 0.25833333333333336 0.678125 0.25416666666666665 0.675 0.23333333333333334 0.675 0.21458333333333332 0.6765625 0.21041666666666667 0.68125 0.20625 0.6859375 0.20625
2 0.39375 0.075 0.4 0.075 0.403125 0.08333333333333333 0.4015625 0.09791666666666667 0.3984375 0.10208333333333333 0.3921875 0.10208333333333333 0.3890625 0.1 0.3890625 0.08958333333333333 0.39375 0.07708333333333334
2 0.7359375 0.3854166666666667 0.7421875 0.38958333333333334 0.740625 0.42083333333333334 0.7375 0.4270833333333333 0.7375 0.4395833333333333 0.7390625 0.44166666666666665 0.734375 0.45416666666666666 0.734375 0.4625 0.7296875 0.47291666666666665 0.7265625 0.475 0.721875 0.4708333333333333 0.715625 0.4479166666666667 0.715625 0.43125 0.7140625 0.42916666666666664 0.715625 0.4083333333333333 0.71875 0.4041666666666667 0.7203125 0.39375 0.725 0.3875 0.734375 0.3854166666666667
2 0.3765625 0.14166666666666666 0.378125 0.15 0.3765625 0.15208333333333332 0.3765625 0.16666666666666666 0.3734375 0.17708333333333334 0.36875 0.18125 0.3609375 0.18125 0.35625 0.15 0.3625 0.14166666666666666 0.36875 0.13958333333333334 0.375 0.14166666666666666
2 0.6875 0.14791666666666667 0.6921875 0.15625 0.6921875 0.17083333333333334 0.690625 0.17291666666666666 0.6828125 0.17291666666666666 0.68125 0.17083333333333334 0.68125 0.15208333333333332 0.6859375 0.14791666666666667
2 0.840625 0.225 0.846875 0.23125 0.846875 0.24791666666666667 0.8484375 0.25 0.846875 0.26875 0.8421875 0.27708333333333335 0.8359375 0.27708333333333335 0.8328125 0.26458333333333334 0.8328125 0.23333333333333334 0.8390625 0.225
2 0.9234375 0.58125 0.93125 0.5791666666666667 0.934375 0.575 0.9421875 0.575 0.9484375 0.5875 0.95 0.5979166666666667 0.95 0.6125 0.940625 0.6458333333333334 0.9375 0.6770833333333334 0.934375 0.6875 0.93125 0.6895833333333333 0.9234375 0.68125 0.921875 0.675 0.9109375 0.6604166666666667 0.9078125 0.6375 0.903125 0.625 0.903125 0.5958333333333333 0.9046875 0.5916666666666667 0.9078125 0.5875 0.9140625 0.5875 0.9125 0.5916666666666667 0.9171875 0.59375 0.91875 0.5875 0.9234375 0.5833333333333334
2 0.684375 0.11666666666666667 0.6890625 0.11666666666666667 0.69375 0.12708333333333333 0.6921875 0.1375 0.68125 0.13958333333333334 0.6796875 0.1375 0.6796875 0.12708333333333333 0.684375 0.11875
