1 0.781515625 0.46935416666666663 0.103296875 0.24741666666666667
1 0.6419374999999999 0.7888541666666666 0.15923437499999998 0.35072916666666665
1 0.6265625 0.48475 0.11373437500000001 0.24041666666666667
1 0.8581875 0.8039583333333333 0.15175 0.3238125
3 0.6555625 0.25885416666666666 0.11529687500000001 0.29322916666666665
1 0.447484375 0.4404583333333333 0.120984375 0.18239583333333334
1 0.428515625 0.6785833333333334 0.168203125 0.34812499999999996
3 0.451765625 0.29254166666666664 0.115203125 0.19847916666666665
2 0.059343749999999994 0.8583541666666666 0.0320625 0.09077083333333333
2 0.315265625 0.53375 0.037875 0.09260416666666667
0 0.09325 0.16002083333333333 0.17321875 0.18412499999999998
2 0.25684375 0.7649791666666667 0.056640625 0.17058333333333334
2 0.11328125 0.9440208333333333 0.041015625 0.11197916666666667
2 0.166015625 0.21614583333333334 0.013671875 0.041666666666666664
2 0.5493125 0.43164583333333334 0.0283125 0.06639583333333333
2 0.578125 0.3046875 0.013671875 0.057291666666666664
2 0.375484375 0.446625 0.03028125 0.0703125
