1 0.5492343749999999 0.8795833333333333 0.189921875 0.23472916666666668
1 0.626875 0.6135625 0.13864062500000002 0.31837499999999996
1 0.597515625 0.4046458333333333 0.10098437499999999 0.10520833333333333
2 0.9225468749999999 0.6084583333333333 0.03509375 0.10764583333333334
2 0.24720312500000002 0.15827083333333333 0.0198125 0.06629166666666667
2 0.51240625 0.48114583333333333 0.032328125 0.11995833333333333
0 0.7 0.25 0.6984375 0.3645833333333333 0.7015625 0.48541666666666666 0.70625 0.4979166666666667 0.7 0.525 0.709375 0.5541666666666667 0.70625 0.61875 0.71875 0.63125 0.7078125 0.6458333333333334 0.709375 0.6541666666666667 0.7203125 0.6541666666666667 0.7265625 0.6708333333333333 0.7328125 0.6645833333333333 0.734375 0.625 0.7484375 0.5833333333333334 0.7640625 0.5729166666666666 0.8171875 0.58125 0.8390625 0.6 0.8578125 0.7041666666666667 0.8765625 0.7020833333333333 0.8875 0.63125 0.89375 0.5145833333333333 0.9078125 0.5125 0.915625 0.46458333333333335 0.90625 0.44375 0.884375 0.3145833333333333 0.821875 0.19375 0.796875 0.17708333333333334 0.73125 0.1625 0.7171875 0.16666666666666666 0.709375 0.18125
3 0.3828125 0.21666666666666667 0.38125 0.3229166666666667 0.371875 0.3729166666666667 0.421875 0.38333333333333336 0.4375 0.39791666666666664 0.4484375 0.5229166666666667 0.459375 0.5354166666666667 0.4640625 0.51875 0.4828125 0.5041666666666667 0.496875 0.4395833333333333 0.4921875 0.41875 0.5078125 0.4 0.51875 0.3645833333333333 0.528125 0.18958333333333333 0.5 0.17291666666666666 0.43125 0.1625
1 0.2625 0.6145833333333334 0.25625 0.7 0.2640625 0.7125 0.3453125 0.7354166666666667 0.3875 0.7333333333333333 0.409375 0.6208333333333333 0.4234375 0.5895833333333333 0.4234375 0.5625 0.4453125 0.5354166666666667 0.434375 0.39791666666666664 0.4234375 0.3875 0.390625 0.37916666666666665 0.3484375 0.37916666666666665 0.3078125 0.44375 0.2796875 0.5145833333333333
2 0.1640625 0.21875 0.1625 0.26458333333333334 0.171875 0.27291666666666664 0.1921875 0.2520833333333333 0.184375 0.22083333333333333
1 0.7359375 0.6291666666666667 0.7296875 0.7166666666666667 0.715625 0.7395833333333334 0.725 0.8604166666666667 0.71875 0.8895833333333333 0.721875 0.9375 0.7828125 0.9625 0.8046875 0.9583333333333334 0.8296875 0.9958333333333333 0.8515625 0.9979166666666667 0.8671875 0.9625 0.8640625 0.8041666666666667 0.878125 0.76875 0.8609375 0.7604166666666666 0.8375 0.6041666666666666 0.8125 0.5833333333333334 0.759375 0.5770833333333333 0.75 0.5875
2 0.9390625 0.75 0.9421875 0.7666666666666667 0.9328125 0.8 0.934375 0.88125 0.946875 0.9458333333333333 0.959375 0.9541666666666667 0.9796875 0.89375 0.978125 0.7916666666666666 0.95 0.7708333333333334 0.9484375 0.7583333333333333
1 0.596875 0.2625 0.6 0.2916666666666667 0.5953125 0.3145833333333333 0.6046875 0.325 0.621875 0.29375 0.665625 0.29375 0.6640625 0.21458333333333332 0.615625 0.20208333333333334
1 0.609375 0.33125 0.609375 0.34791666666666665 0.640625 0.3625 0.6578125 0.42083333333333334 0.66875 0.42083333333333334 0.675 0.4083333333333333 0.66875 0.3 0.6578125 0.2916666666666667 0.625 0.2916666666666667
3 0.4875 0.15 0.4875 0.16875 0.525 0.18125 0.5296875 0.21458333333333332 0.5234375 0.3020833333333333 0.525 0.3145833333333333 0.5328125 0.31666666666666665 0.55625 0.26666666666666666 0.565625 0.19166666666666668 0.5640625 0.15208333333333332 0.5375 0.12083333333333333 0.50625 0.125
2 0.4046875 0.675 0.3921875 0.7583333333333333 0.4 0.8229166666666666 0.4125 0.8291666666666667 0.4375 0.7979166666666667 0.45625 0.7479166666666667 0.4515625 0.6541666666666667 0.4171875 0.6479166666666667
