2 0.3215909090909091 0.8119318181818181 0.24375 0.37386363636363634
2 0.5994318181818182 0.8090909090909091 0.21818181818181817 0.3789772727272727
3 0.7585227272727273 0.3744318181818182 0.025 0.07613636363636364
2 0.21079545454545454 0.5840909090909091 0.16590909090909092 0.3431818181818182
2 0.10056818181818182 0.8119318181818181 0.2005681818181818 0.3710227272727273
3 0.13238636363636364 0.3153409090909091 0.02556818181818182 0.06647727272727273
3 0.88125 0.8539772727272728 0.06875 0.14431818181818182
3 0.3181818181818182 0.031818181818181815 0.0125 0.038636363636363635
3 0.34602272727272726 0.01818181818181818 0.00909090909090909 0.033522727272727273
3 0.8539772727272728 0.7619318181818182 0.053409090909090906 0.14886363636363636
3 0.7880681818181818 0.32272727272727275 0.020454545454545454 0.06534090909090909
3 0.5880681818181818 0.26477272727272727 0.026704545454545453 0.05397727272727273
2 0.6017045454545454 0.39090909090909093 0.09204545454545454 0.20113636363636364
3 0.7255681818181818 0.8056818181818182 0.056818181818181816 0.1471590909090909
3 0.5056818181818182 0.6556818181818181 0.04431818181818182 0.16647727272727272
2 0.5346590909090909 0.3431818181818182 0.06931818181818182 0.13352272727272727
