1 0.392953125 0.47372916666666665 0.1466875 0.2994791666666667
1 0.58425 0.6753541666666667 0.141 0.3162083333333333
3 0.47371875 0.2767708333333333 0.12809375 0.2889583333333333
1 0.640484375 0.30314583333333334 0.080796875 0.19639583333333333
2 0.970390625 0.8886458333333334 0.052625 0.11729166666666666
1 0.796765625 0.6578125 0.133984375 0.313875
2 0.80625 0.29375 0.8046875 0.32708333333333334 0.8171875 0.33125 0.825 0.3104166666666667 0.8203125 0.26666666666666666 0.8109375 0.27291666666666664
1 0.7046875 0.20625 0.703125 0.2916666666666667 0.7109375 0.29583333333333334 0.71875 0.2875 0.753125 0.30416666666666664 0.7609375 0.23125 0.746875 0.19166666666666668 0.7390625 0.18333333333333332 0.715625 0.18541666666666667
0 0.6859375 0.035416666666666666 0.6765625 0.08958333333333333 0.678125 0.14166666666666666 0.6921875 0.15625 0.7328125 0.15625 0.746875 0.10625 0.7390625 0.04791666666666667 0.728125 0.029166666666666667 0.7125 0.022916666666666665
3 0.53125 0.11041666666666666 0.521875 0.13125 0.54375 0.14375 0.5484375 0.20416666666666666 0.5703125 0.21458333333333332 0.590625 0.14791666666666667 0.59375 0.08541666666666667 0.5828125 0.07291666666666667
1 0.603125 0.21458333333333332 0.6015625 0.23541666666666666 0.60625 0.24166666666666667 0.61875 0.24166666666666667 0.6390625 0.22083333333333333 0.659375 0.22083333333333333 0.6640625 0.20625 0.659375 0.16666666666666666 0.6375 0.15625 0.61875 0.15833333333333333
