4 0.645109375 0.2960625 0.118171875 0.38277083333333334
4 0.440265625 0.41622916666666665 0.20059375 0.4189166666666667
3 0.74765625 0.51725 0.03353125 0.09958333333333333
2 0.0333125 0.27316666666666667 0.066625 0.18310416666666668
2 0.23165624999999998 0.6674375 0.213671875 0.41325
2 0.154125 0.9117291666666667 0.250453125 0.16904166666666667
3 0.88103125 0.6626458333333333 0.033359375000000004 0.13022916666666667
2 0.836296875 0.36522916666666666 0.091625 0.1872916666666667
3 0.7578125 0.7354166666666667 0.7546875 0.7708333333333334 0.7703125 0.8333333333333334 0.7921875 0.8354166666666667 0.7984375 0.7395833333333334 0.784375 0.7083333333333334 0.775 0.7083333333333334
3 0.80625 0.5625 0.80625 0.5958333333333333 0.8171875 0.6104166666666667 0.81875 0.6416666666666667 0.8265625 0.6458333333333334 0.8375 0.6145833333333334 0.840625 0.5583333333333333 0.8265625 0.5375 0.8125 0.5354166666666667
3 0.725 0.38958333333333334 0.7296875 0.43333333333333335 0.7546875 0.40625 0.75625 0.38958333333333334 0.746875 0.36666666666666664 0.7328125 0.36875
3 0.740625 0.34791666666666665 0.740625 0.36875 0.7484375 0.38958333333333334 0.7578125 0.3958333333333333 0.7671875 0.3645833333333333 0.765625 0.3375 0.7609375 0.32708333333333334 0.7515625 0.32708333333333334
3 0.5625 0.2791666666666667 0.5625 0.35208333333333336 0.5765625 0.35625 0.5796875 0.25833333333333336 0.5734375 0.25833333333333336
3 0.8953125 0.9833333333333333 0.890625 0.9979166666666667 0.95 0.9979166666666667 0.9484375 0.9791666666666666 0.9390625 0.9625 0.9046875 0.9645833333333333
3 0.953125 0.86875 0.959375 0.9645833333333333 0.978125 0.9791666666666666 0.98125 0.9979166666666667 0.9984375 0.9979166666666667 0.9984375 0.86875
2 0.4671875 0.22083333333333333 0.465625 0.24166666666666667 0.471875 0.25 0.4984375 0.25416666666666665 0.5171875 0.25416666666666665 0.5375 0.22708333333333333 0.525 0.18125 0.5125 0.17291666666666666 0.490625 0.17291666666666666
2 0.5203125 0.16041666666666668 0.5328125 0.21666666666666667 0.55 0.23333333333333334 0.5671875 0.23125 0.578125 0.2 0.5734375 0.13333333333333333 0.5375 0.13333333333333333
2 0.7625 0.17291666666666666 0.759375 0.20208333333333334 0.7671875 0.22708333333333333 0.803125 0.23333333333333334 0.8078125 0.20625 0.8 0.16875 0.778125 0.15625
2 0.7125 0.21458333333333332 0.7109375 0.2875 0.715625 0.29791666666666666 0.740625 0.3020833333333333 0.759375 0.27291666666666664 0.76875 0.27291666666666664 0.753125 0.20833333333333334 0.740625 0.1875 0.734375 0.1875 0.7234375 0.19166666666666668