0 0.08499999999999999 0.15433333333333332 0.16998437500000002 0.21177083333333335
3 0.6048125 0.9460416666666667 0.075546875 0.10018750000000001
2 0.506640625 0.26968749999999997 0.109171875 0.2540833333333333
2 0.768421875 0.32535416666666667 0.074046875 0.09858333333333333
3 0.7170468750000001 0.5075833333333333 0.0368125 0.14183333333333334
4 0.327546875 0.49985416666666665 0.27546875000000004 0.5646458333333333
4 0.60821875 0.5418125 0.19328125000000002 0.5198125
2 0.8530156249999999 0.729375 0.148140625 0.35760416666666667
2 0.793984375 0.5827500000000001 0.08796875 0.22493749999999998
2 0.796296875 0.42110416666666667 0.074078125 0.13233333333333333
3 0.19734374999999998 0.9714583333333333 0.047453125 0.057104166666666664
3 0.9513906249999999 0.8370625 0.041671875000000004 0.0985
3 0.4921875 0.9540833333333333 0.092015625 0.0918125
3 0.353875 0.8602083333333332 0.058453124999999995 0.1448125
3 0.469625 0.6275 0.046875 0.12847916666666667
3 0.8640000000000001 0.5148125 0.026625 0.07902083333333333
4 0.672171875 0.17214583333333333 0.11864062500000001 0.12672916666666667