1 0.5954531249999999 0.6952291666666667 0.1340625 0.36839583333333337
1 0.6461875 0.36141666666666666 0.079875 0.15202083333333333
1 0.7453593749999999 0.24425 0.054546874999999995 0.0935
2 0.0575625 0.7340208333333333 0.029234375 0.10077083333333332
2 0.029953125000000004 0.8792500000000001 0.031468750000000004 0.07958333333333334
2 0.7493125 0.543125 0.02109375 0.07079166666666666
2 0.9309843750000001 0.9050625 0.042078125 0.09183333333333334
2 0.12432812499999998 0.7836458333333333 0.054625 0.08112499999999999
2 0.4806875 0.6733125 0.024453125 0.11483333333333333
2 0.29375 0.9083333333333333 0.3 0.9166666666666666 0.3015625 0.9666666666666667 0.2984375 0.9770833333333333 0.2953125 0.9770833333333333 0.2921875 0.9729166666666667 0.284375 0.9729166666666667 0.28125 0.9791666666666666 0.284375 0.9833333333333333 0.2984375 0.9833333333333333 0.296875 0.9895833333333334 0.2890625 0.9854166666666667 0.2859375 0.9895833333333334 0.2875 0.99375 0.2796875 0.99375 0.275 0.9979166666666667 0.26875 0.9979166666666667 0.2640625 0.99375 0.265625 0.9875 0.2640625 0.98125 0.25625 0.98125 0.2515625 0.9770833333333333 0.2421875 0.9770833333333333 0.2359375 0.9625 0.2359375 0.9583333333333334 0.2390625 0.9479166666666666 0.24375 0.9416666666666667 0.2515625 0.9375 0.2578125 0.9375 0.265625 0.9416666666666667 0.271875 0.9395833333333333 0.2765625 0.93125 0.28125 0.9083333333333333 0.2828125 0.90625 0.290625 0.90625 0.2921875 0.9083333333333333
2 0.8484375 0.325 0.8515625 0.33125 0.85 0.3729166666666667 0.8484375 0.3770833333333333 0.8375 0.375 0.8375 0.37083333333333335 0.83125 0.36041666666666666 0.83125 0.3458333333333333 0.834375 0.33958333333333335 0.8359375 0.32708333333333334 0.840625 0.3229166666666667 0.846875 0.325
2 0.5140625 0.09375 0.0125 0.03333333333333333
2 0.8984375 0.56875 0.90625 0.5770833333333333 0.903125 0.5916666666666667 0.903125 0.60625 0.89375 0.63125 0.89375 0.6479166666666667 0.8859375 0.65 0.8828125 0.6541666666666667 0.8828125 0.6416666666666667 0.884375 0.6395833333333333 0.8796875 0.6333333333333333 0.8796875 0.60625 0.8828125 0.5979166666666667 0.88125 0.5770833333333333 0.8890625 0.56875 0.896875 0.56875
2 0.440625 0.12708333333333333 0.4390625 0.10625 0.4421875 0.1 0.446875 0.1 0.4515625 0.10625 0.45 0.125 0.4453125 0.12916666666666668 0.4421875 0.12708333333333333
2 0.396875 0.12083333333333333 0.4 0.12916666666666668 0.396875 0.14166666666666666 0.396875 0.15208333333333332 0.39375 0.15833333333333333 0.384375 0.15625 0.38125 0.14583333333333334 0.38125 0.12916666666666668 0.384375 0.12083333333333333 0.3953125 0.12083333333333333
2 0.1828125 0.65 0.184375 0.65 0.1859375 0.65625 0.1921875 0.6604166666666667 0.2078125 0.6625 0.2125 0.66875 0.2140625 0.675 0.2078125 0.6916666666666667 0.209375 0.6979166666666666 0.20625 0.70625 0.2078125 0.7083333333333334 0.20625 0.7125 0.20625 0.7479166666666667 0.2078125 0.75 0.20625 0.7708333333333334 0.2078125 0.7729166666666667 0.2015625 0.78125 0.196875 0.8166666666666667 0.19375 0.8208333333333333 0.1890625 0.8208333333333333 0.1859375 0.8145833333333333 0.184375 0.7958333333333333 0.18125 0.7916666666666666 0.1796875 0.7375 0.178125 0.7354166666666667 0.18125 0.7041666666666667 0.178125 0.6854166666666667 0.1796875 0.6770833333333334 0.1765625 0.6666666666666666 0.184375 0.65625 0.1828125 0.6520833333333333
2 0.425 0.0875 0.425 0.11458333333333333 0.421875 0.12291666666666666 0.4140625 0.12083333333333333 0.4125 0.11666666666666667 0.4125 0.09791666666666667 0.4171875 0.0875 0.4203125 0.08541666666666667 0.4234375 0.0875
2 0.0296875 0.8229166666666666 0.0328125 0.825 0.03125 0.8270833333333333 0.0328125 0.8291666666666667 0.05 0.8270833333333333 0.0625 0.83125 0.078125 0.83125 0.0765625 0.84375 0.0859375 0.8583333333333333 0.084375 0.8958333333333334 0.0796875 0.90625 0.0765625 0.93125 0.0703125 0.94375 0.0671875 0.95625 0.0390625 0.99375 0.0265625 0.99375 0.021875 0.9833333333333333 0.021875 0.96875 0.025 0.9604166666666667 0.0234375 0.95625 0.025 0.9145833333333333 0.021875 0.9104166666666667 0.0171875 0.8875 0.015625 0.84375 0.0171875 0.8375 0.03125 0.8333333333333334 0.0328125 0.8291666666666667 0.0296875 0.825
2 0.4734375 0.6083333333333333 0.4734375 0.6145833333333334 0.4765625 0.61875 0.4828125 0.61875 0.490625 0.6229166666666667 0.49375 0.6291666666666667 0.509375 0.625 0.509375 0.6354166666666666 0.5171875 0.64375 0.51875 0.65 0.51875 0.6583333333333333 0.509375 0.66875 0.5109375 0.6833333333333333 0.5078125 0.69375 0.5078125 0.7020833333333333 0.503125 0.7083333333333334 0.50625 0.7208333333333333 0.5015625 0.7375 0.496875 0.7458333333333333 0.484375 0.75 0.4765625 0.7479166666666667 0.4734375 0.7395833333333334 0.4734375 0.70625 0.471875 0.7041666666666667 0.4734375 0.6791666666666667 0.4703125 0.6625 0.471875 0.6416666666666667 0.4734375 0.6395833333333333 0.4734375 0.6104166666666667
2 0.9625 0.5104166666666666 0.965625 0.5083333333333333 0.9765625 0.5104166666666666 0.98125 0.51875 0.984375 0.5375 0.9828125 0.55625 0.9796875 0.5645833333333333 0.978125 0.6 0.9765625 0.6104166666666667 0.9734375 0.6104166666666667 0.96875 0.6 0.9703125 0.5875 0.9625 0.5458333333333333 0.9625 0.51875 0.9609375 0.5166666666666667 0.9625 0.5125
2 0.296875 0.15625 0.303125 0.1625 0.303125 0.18125 0.30625 0.1875 0.303125 0.20208333333333334 0.3 0.20416666666666666 0.2890625 0.20416666666666666 0.2875 0.2 0.2875 0.16041666666666668 0.290625 0.15625 0.2953125 0.15625
2 0.18125 0.31666666666666665 0.190625 0.325 0.1921875 0.3333333333333333 0.2 0.34791666666666665 0.2 0.35208333333333336 0.1984375 0.35833333333333334 0.1921875 0.36666666666666664 0.175 0.38125 0.16875 0.37916666666666665 0.1671875 0.36875 0.16875 0.34791666666666665 0.165625 0.33125 0.171875 0.31666666666666665 0.1796875 0.31666666666666665
2 0.9109375 0.38958333333333334 0.91875 0.3958333333333333 0.921875 0.41041666666666665 0.921875 0.425 0.9140625 0.42916666666666664 0.9109375 0.425 0.9078125 0.425 0.9046875 0.41875 0.9015625 0.4 0.9046875 0.39166666666666666 0.909375 0.39166666666666666
2 0.9 0.32916666666666666 0.9140625 0.34375 0.9125 0.36041666666666666 0.9140625 0.3625 0.915625 0.3854166666666667 0.909375 0.38958333333333334 0.9 0.38958333333333334 0.89375 0.3770833333333333 0.89375 0.34375 0.8953125 0.3416666666666667 0.89375 0.3333333333333333 0.8984375 0.32916666666666666
2 0.5328125 0.0375 0.5390625 0.04375 0.5390625 0.06041666666666667 0.5359375 0.06875 0.53125 0.075 0.528125 0.07083333333333333 0.53125 0.03958333333333333
1 0.2265625 0.6604166666666667 0.2171875 0.7395833333333334 0.209375 0.7520833333333333 0.2109375 0.8 0.221875 0.8020833333333334 0.228125 0.8229166666666666 0.2515625 0.7979166666666667 0.259375 0.8 0.271875 0.8208333333333333 0.271875 0.8458333333333333 0.2796875 0.8625 0.3421875 0.89375 0.3515625 0.8520833333333333 0.346875 0.80625 0.35625 0.7916666666666666 0.3828125 0.78125 0.4125 0.6708333333333333 0.409375 0.5229166666666667 0.4015625 0.4875 0.36875 0.47291666666666665 0.303125 0.4708333333333333 0.246875 0.5708333333333333
1 0.371875 0.4375 0.36875 0.46875 0.4 0.48125 0.4078125 0.5 0.415625 0.60625 0.434375 0.6208333333333333 0.4515625 0.6104166666666667 0.465625 0.6166666666666667 0.4703125 0.5645833333333333 0.4875 0.5083333333333333 0.4921875 0.45416666666666666 0.5015625 0.44583333333333336 0.509375 0.41458333333333336 0.5109375 0.38958333333333334 0.4984375 0.3375 0.478125 0.32708333333333334 0.43125 0.325 0.3890625 0.38333333333333336
1 0.6078125 0.4791666666666667 0.609375 0.5 0.6375 0.5104166666666666 0.65625 0.5270833333333333 0.6578125 0.5625 0.6765625 0.625 0.6890625 0.64375 0.703125 0.6458333333333334 0.7125 0.625 0.7171875 0.5604166666666667 0.709375 0.45 0.6921875 0.425 0.63125 0.41041666666666665 0.6171875 0.43125
1 0.771875 0.45208333333333334 0.7578125 0.5125 0.74375 0.5229166666666667 0.759375 0.65625 0.803125 0.65625 0.875 0.6708333333333333 0.8796875 0.6541666666666667 0.8640625 0.5104166666666666 0.828125 0.45
1 0.73125 0.43125 0.7296875 0.47708333333333336 0.7390625 0.55625 0.7515625 0.5645833333333333 0.7578125 0.49375 0.7703125 0.45 0.775 0.44375 0.821875 0.44583333333333336 0.821875 0.43125 0.8046875 0.3729166666666667 0.7890625 0.3625 0.7578125 0.35833333333333334 0.7421875 0.375
1 0.715625 0.29791666666666666 0.7125 0.3770833333333333 0.725 0.38958333333333334 0.7296875 0.4270833333333333 0.74375 0.36666666666666664 0.753125 0.35833333333333334 0.7859375 0.36041666666666666 0.7859375 0.33541666666666664 0.7625 0.2916666666666667 0.74375 0.2833333333333333
1 0.6234375 0.2 0.6125 0.23333333333333334 0.615625 0.29375 0.6296875 0.275 0.6390625 0.2375 0.665625 0.23333333333333334 0.6609375 0.19791666666666666 0.628125 0.19166666666666668
1 0.5515625 0.18958333333333333 0.55 0.2625 0.5546875 0.2708333333333333 0.5671875 0.2708333333333333 0.575 0.23958333333333334 0.575 0.20208333333333334 0.5609375 0.17916666666666667 0.553125 0.17916666666666667
3 0.3984375 0.25625 0.396875 0.28958333333333336 0.40625 0.33958333333333335 0.4359375 0.3229166666666667 0.475 0.32708333333333334 0.49375 0.3375 0.5015625 0.35833333333333334 0.49375 0.4 0.5 0.425 0.4875 0.4375 0.490625 0.44583333333333336 0.503125 0.4479166666666667 0.53125 0.4 0.5484375 0.31666666666666665 0.5453125 0.26875 0.553125 0.2375 0.546875 0.17083333333333334 0.5375 0.14166666666666666 0.5296875 0.13333333333333333 0.465625 0.11666666666666667 0.409375 0.18125
