3 0.826953125 0.4514791666666667 0.108328125 0.2781458333333333
3 0.69096875 0.45297916666666665 0.13234375 0.3119375
1 0.196703125 0.8363958333333333 0.24717187499999999 0.3271875
1 0.84909375 0.7263958333333334 0.1324375 0.30202083333333335
1 0.156 0.2556041666666667 0.12375 0.12195833333333334
1 0.031578125 0.34272916666666664 0.063171875 0.15639583333333332
2 0.508625 0.6058125000000001 0.039671875 0.11747916666666666
1 0.64209375 0.7716666666666666 0.14421875 0.37122916666666667
2 0.5820937500000001 0.5459999999999999 0.0195 0.10720833333333334
1 0.3244375 0.5819166666666666 0.16878125 0.2753125
2 0.9544218750000001 0.9575 0.05040625 0.07835416666666667
2 0.5391874999999999 0.5135208333333333 0.02553125 0.0996875
1 0.029125 0.6252083333333334 0.05689062499999999 0.23575
2 0.46089062500000005 0.6824791666666666 0.031453125 0.10802083333333333
2 0.430078125 0.6135833333333333 0.020671875 0.07531249999999999
3 0.4265625 0.19375 0.4125 0.28541666666666665 0.396875 0.31666666666666665 0.4078125 0.33125 0.409375 0.37083333333333335 0.4375 0.35208333333333336 0.475 0.3541666666666667 0.4953125 0.3625 0.5078125 0.3875 0.5140625 0.35625 0.53125 0.3416666666666667 0.5421875 0.28125 0.540625 0.25416666666666665 0.5328125 0.24375 0.5390625 0.22291666666666668 0.5328125 0.21458333333333332 0.5265625 0.16666666666666666 0.453125 0.16041666666666668
3 0.6046875 0.11875 0.6015625 0.14791666666666667 0.6234375 0.18125 0.6265625 0.23333333333333334 0.678125 0.24583333333333332 0.6890625 0.21875 0.6953125 0.12916666666666668 0.659375 0.11875
2 0.8921875 0.5770833333333333 0.890625 0.5854166666666667 0.9046875 0.6145833333333334 0.9125 0.6145833333333334 0.9234375 0.6 0.928125 0.575 0.921875 0.5229166666666667 0.915625 0.5166666666666667 0.909375 0.51875
1 0.6 0.29583333333333334 0.59375 0.34375 0.578125 0.3645833333333333 0.584375 0.40625 0.61875 0.4270833333333333 0.625 0.4083333333333333 0.6375 0.2708333333333333 0.621875 0.26875 0.6140625 0.2875
1 0.734375 0.21666666666666667 0.7234375 0.2875 0.7875 0.29791666666666666 0.7921875 0.26875 0.7890625 0.22916666666666666 0.76875 0.21666666666666667
3 0.275 0.17708333333333334 0.278125 0.22395833333333334 0.271875 0.24583333333333332 0.28125 0.29375 0.2984375 0.2833333333333333 0.30625 0.29583333333333334 0.315625 0.29375 0.3546875 0.31666666666666665 0.3765625 0.28958333333333336 0.3859375 0.25625 0.390625 0.2 0.3765625 0.1625 0.3109375 0.15625 0.303125 0.16666666666666666
1 0.203125 0.17083333333333334 0.2015625 0.19583333333333333 0.215625 0.23541666666666666 0.2171875 0.2604166666666667 0.2625 0.27291666666666664 0.275 0.2520833333333333 0.2734375 0.175 0.278125 0.15625 0.26875 0.15 0.2234375 0.15208333333333332 0.209375 0.15625
