0 0.291796875 0.5754166666666667 0.23884375000000002 0.5115208333333333
1 0.51371875 0.31927083333333334 0.07575 0.14810416666666668
2 0.766609375 0.38308333333333333 0.028046875 0.08108333333333334
2 0.846484375 0.4091666666666667 0.024656249999999998 0.0591875
2 0.9453906249999999 0.51875 0.028796875 0.07327083333333334
2 0.9692968750000001 0.9774583333333333 0.059 0.045083333333333336
2 0.803109375 0.646 0.03334375 0.09860416666666666
2 0.809796875 0.5041041666666667 0.024734375 0.07960416666666667
1 0.0203125 0.2923541666666667 0.040625 0.07225
2 0.090046875 0.8588541666666667 0.029609375 0.07589583333333333
2 0.53625 0.5890625 0.031890625 0.09572916666666667
2 0.44715625000000003 0.4577708333333333 0.023796875000000002 0.10554166666666666
1 0.633859375 0.6341249999999999 0.12971875 0.29116666666666663
2 0.76025 0.7558541666666667 0.038093749999999996 0.14454166666666665
2 0.45215625 0.8268333333333333 0.044921875 0.1328125
2 0.37890625 0.7727916666666667 0.03125 0.1419375
2 0.9125937499999999 0.8489583333333334 0.049796875000000004 0.11979166666666667
2 0.93359375 0.6184999999999999 0.033203125 0.11197916666666667
2 0.724609375 0.3033958333333333 0.01953125 0.0546875
2 0.8129843749999999 0.33529166666666665 0.024406249999999997 0.04035416666666667
2 0.792 0.23241666666666666 0.01953125 0.04558333333333333
2 0.64209375 0.21289583333333334 0.020515625000000003 0.04558333333333333
2 0.727546875 0.25 0.017578125 0.036458333333333336
2 0.536625 0.44075000000000003 0.016609375000000003 0.040375
2 0.586421875 0.49283333333333335 0.020515625000000003 0.06902083333333334
2 0.629890625 0.4401041666666667 0.015625 0.0546875
1 0.61571875 0.32356250000000003 0.08887500000000001 0.13672916666666665
2 0.102546875 0.2786458333333333 0.0234375 0.046875
2 0.42725 0.3333333333333333 0.022468750000000003 0.059895833333333336
2 0.400875 0.9524791666666667 0.07518749999999999 0.09504166666666666
