1 0.264 0.6393125000000001 0.19184375 0.4557083333333333
2 0.971328125 0.8843333333333334 0.04165625 0.0898125
1 0.8422031249999999 0.731125 0.166625 0.48839583333333336
1 0.6232968750000001 0.7985416666666667 0.135515625 0.36514583333333334
1 0.747578125 0.288875 0.06035937500000001 0.12795833333333334
2 0.21375000000000002 0.2541875 0.013250000000000001 0.051541666666666666
2 0.85759375 0.44095833333333334 0.016890625 0.07475000000000001
2 0.8354531250000001 0.44110416666666663 0.023125 0.0759375
2 0.891328125 0.4903958333333333 0.017953125 0.04920833333333333
3 0.513671875 0.25437499999999996 0.10609375000000001 0.23722916666666669
2 0.53028125 0.43685416666666665 0.017578125 0.05339583333333333
2 0.57421875 0.3984375 0.0234375 0.049479166666666664
2 0.657234375 0.5651041666666666 0.021484375 0.0546875
2 0.693359375 0.6979166666666666 0.02734375 0.0625
1 0.55225 0.5768333333333333 0.102546875 0.22395833333333334
1 0.41553125 0.5130208333333334 0.1064375 0.2526041666666667
2 0.38134375 0.3671875 0.020515625000000003 0.044270833333333336
2 0.41309375 0.3476666666666667 0.01953125 0.036458333333333336
2 0.97265625 0.6582083333333333 0.03125 0.08464583333333334
2 0.966796875 0.5065208333333333 0.01953125 0.0625
2 0.9233437500000001 0.41991666666666666 0.01075 0.05339583333333333
2 0.8725625000000001 0.3424583333333333 0.008796875 0.033854166666666664
1 0.778328125 0.45116666666666666 0.08984375 0.15233333333333335
2 0.01415625 0.49674999999999997 0.014656250000000001 0.07162500000000001
2 0.1484375 0.34375 0.0234375 0.0546875
2 0.07764062499999999 0.36914583333333334 0.014656250000000001 0.0481875
2 0.22949999999999998 0.27018749999999997 0.01953125 0.040375
0 0.750515625 0.2615416666666667 0.06621875 0.18264583333333334
2 0.351078125 0.37956249999999997 0.014656250000000001 0.0481875
