2 0.23323437500000002 0.7628125 0.179734375 0.38977083333333334
4 0.662890625 0.24566666666666667 0.07971875 0.2151875
2 0.8044218750000001 0.7848333333333334 0.16729687499999998 0.3093541666666667
3 0.9574843749999999 0.8606250000000001 0.062953125 0.16160416666666666
4 0.7876562500000001 0.4906041666666667 0.131421875 0.33212499999999995
4 0.506515625 0.24860416666666665 0.116078125 0.207875
2 0.5615625 0.6665208333333333 0.138578125 0.3597916666666666
0 0.36150000000000004 0.46779166666666666 0.18662499999999999 0.33866666666666667
2 0.598171875 0.41910416666666667 0.10193749999999999 0.13760416666666667
2 0.6227031249999999 0.3149166666666667 0.073046875 0.10714583333333333
0 0.168453125 0.1360625 0.14745312500000002 0.19660416666666666
2 0.469734375 0.384125 0.0546875 0.15885416666666666
3 0.963875 0.574875 0.01953125 0.06902083333333334
3 0.86621875 0.38477083333333334 0.029296875 0.06641666666666667
3 0.786140625 0.23829166666666665 0.01953125 0.044270833333333336