1 0.7894375 0.38366666666666666 0.09153125 0.17795833333333333
3 0.38156249999999997 0.43727083333333333 0.241859375 0.5491666666666667
1 0.65753125 0.37785416666666666 0.086671875 0.16391666666666668
1 0.8491875 0.869625 0.15709375 0.26077083333333334
2 0.7609375 0.5354166666666667 0.759375 0.625 0.7640625 0.6458333333333334 0.7828125 0.66875 0.8 0.6020833333333333 0.8046875 0.5395833333333333 0.796875 0.5145833333333333 0.796875 0.46041666666666664 0.7890625 0.44583333333333336 0.7828125 0.44583333333333336
1 0.6328125 0.4708333333333333 0.6328125 0.4895833333333333 0.678125 0.49583333333333335 0.6984375 0.5229166666666667 0.703125 0.6 0.6953125 0.68125 0.7109375 0.6875 0.7203125 0.6604166666666667 0.725 0.6104166666666667 0.71875 0.4791666666666667 0.7078125 0.4666666666666667 0.6640625 0.45208333333333334 0.6390625 0.4583333333333333
3 0.4265625 0.8979166666666667 0.425 0.9416666666666667 0.4390625 0.9979166666666667 0.6765625 0.9979166666666667 0.7015625 0.5875 0.69375 0.50625 0.60625 0.48333333333333334 0.53125 0.475 0.4890625 0.6125 0.4859375 0.7208333333333333 0.459375 0.8104166666666667 0.459375 0.8645833333333334 0.453125 0.8833333333333333 0.4328125 0.8875
3 0.45625 0.15416666666666667 0.45625 0.17083333333333334 0.484375 0.17708333333333334 0.5046875 0.19166666666666668 0.496875 0.3645833333333333 0.5 0.3729166666666667 0.5171875 0.37916666666666665 0.534375 0.32916666666666666 0.5453125 0.2625 0.553125 0.10625 0.5328125 0.09791666666666667 0.525 0.10416666666666667 0.5203125 0.12708333333333333 0.484375 0.12708333333333333
3 0.6046875 0.28125 0.6046875 0.3416666666666667 0.609375 0.3458333333333333 0.6234375 0.3458333333333333 0.6296875 0.3375 0.6375 0.30625 0.678125 0.3 0.678125 0.2125 0.615625 0.20208333333333334
1 0.7125 0.21041666666666667 0.7125 0.2791666666666667 0.7546875 0.29583333333333334 0.75625 0.25625 0.7703125 0.23333333333333334 0.7609375 0.19583333333333333 0.7484375 0.18125 0.728125 0.18125
