1 0.269265625 0.6311041666666667 0.18939062499999998 0.46322916666666664
1 0.616234375 0.7542916666666667 0.141078125 0.2637083333333333
1 0.42521875 0.5183125 0.128734375 0.2620416666666667
1 0.557203125 0.5510625 0.12734375 0.21200000000000002
2 0.8126093750000001 0.4202916666666667 0.03878125 0.06327083333333333
2 0.9549375 0.80725 0.059843749999999994 0.12297916666666667
1 0.822265625 0.7278749999999999 0.16796875 0.4739583333333333
3 0.641609375 0.43945833333333334 0.103515625 0.2200625
3 0.6484375 0.20833333333333334 0.064453125 0.13020833333333334
1 0.659671875 0.30272916666666666 0.057625 0.07162500000000001
