2 0.244140625 0.7457708333333334 0.181890625 0.41041666666666665
2 0.641609375 0.5425625000000001 0.156015625 0.22729166666666664
2 0.8815937500000001 0.8318125 0.18509375 0.3302083333333333
2 0.47415624999999995 0.3706875 0.114484375 0.21475
4 0.13209375 0.1965625 0.17375000000000002 0.21527083333333333
2 0.36034375 0.5459166666666667 0.140359375 0.2808333333333334
4 0.6515 0.25083333333333335 0.11695312499999999 0.2937916666666667
4 0.34490625 0.1686041666666667 0.110375 0.18127083333333335
3 0.74275 0.4715625 0.02325 0.0793125
3 0.7931250000000001 0.46287500000000004 0.017328125 0.044625000000000005
3 0.772328125 0.37266666666666665 0.015562500000000002 0.0464375
3 0.842859375 0.43735416666666665 0.014171875 0.052083333333333336
3 0.8909218750000001 0.5175 0.028890624999999996 0.118625
3 0.7476875 0.414125 0.015234375 0.03829166666666666
3 0.78821875 0.3657291666666667 0.013875000000000002 0.049958333333333334
3 0.4984375 0.4979166666666667 0.5 0.53125 0.4875 0.58125 0.5109375 0.63125 0.534375 0.6041666666666666 0.5421875 0.6083333333333333 0.5390625 0.49166666666666664 0.525 0.4375 0.5140625 0.44583333333333336
3 0.94375 0.5229166666666667 0.9515625 0.5479166666666667 0.9390625 0.56875 0.9671875 0.6145833333333334 0.9765625 0.5208333333333334 0.946875 0.5104166666666666
2 0.715625 0.23958333333333334 0.715625 0.33125 0.7328125 0.34375 0.740625 0.33541666666666664 0.765625 0.34375 0.775 0.33125 0.775 0.30416666666666664 0.771875 0.2708333333333333 0.7609375 0.24583333333333332 0.7515625 0.22708333333333333 0.740625 0.22083333333333333 0.7203125 0.22291666666666668
2 0.465625 0.26666666666666666 0.46875 0.2791666666666667 0.5203125 0.29583333333333334 0.53125 0.3416666666666667 0.528125 0.35 0.5390625 0.3458333333333333 0.5453125 0.28541666666666665 0.5375 0.22291666666666668 0.484375 0.21666666666666667
2 0.4875 0.2 0.484375 0.21666666666666667 0.5390625 0.22083333333333333 0.5375 0.18958333333333333 0.53125 0.17916666666666667 0.5046875 0.17708333333333334
2 0.5234375 0.16041666666666668 0.521875 0.17708333333333334 0.5390625 0.19375 0.546875 0.24583333333333332 0.559375 0.24791666666666667 0.5671875 0.22708333333333333 0.5609375 0.16041666666666668 0.546875 0.15208333333333332 0.53125 0.15208333333333332
2 0.728125 0.61875 0.73125 0.64375 0.7234375 0.6833333333333333 0.728125 0.725 0.7234375 0.7645833333333333 0.75 0.7854166666666667 0.76875 0.7875 0.7765625 0.7708333333333334 0.7625 0.75 0.803125 0.68125 0.8203125 0.6645833333333333 0.8359375 0.6708333333333333 0.8578125 0.6583333333333333 0.8625 0.5666666666666667 0.8234375 0.4895833333333333 0.7625 0.48125 0.7359375 0.5625
3 0.8515625 0.2708333333333333 0.8515625 0.30625 0.8734375 0.3145833333333333 0.8703125 0.25416666666666665 0.8578125 0.2520833333333333
3 0.8375 0.24375 0.8375 0.26875 0.8453125 0.27708333333333335 0.8484375 0.24583333333333332
3 0.865625 0.61875 0.8609375 0.6541666666666667 0.8953125 0.6604166666666667 0.896875 0.6208333333333333 0.890625 0.60625 0.8828125 0.6020833333333333
4 0.528125 0.075 0.5265625 0.15 0.5765625 0.15208333333333332 0.590625 0.11041666666666666 0.5953125 0.05 0.5828125 0.03958333333333333 0.54375 0.03958333333333333
4 0.8171875 0.4375 0.80625 0.44166666666666665 0.8125 0.475 0.8234375 0.48333333333333334 0.8296875 0.44375