1 0.26525 0.6354166666666666 0.191546875 0.46508333333333335
1 0.61903125 0.7536875 0.13528125 0.2577291666666667
1 0.850625 0.7386666666666667 0.154515625 0.48322916666666665
2 0.9512031249999999 0.8247916666666666 0.056437499999999995 0.115
3 0.6538125 0.19220833333333334 0.06934375000000001 0.13689583333333333
1 0.658796875 0.28941666666666666 0.07132812499999999 0.11068750000000001
2 0.9618437500000001 0.6543333333333333 0.034390625 0.084875
3 0.51803125 0.23454166666666668 0.10704687500000001 0.23308333333333334
1 0.5600625 0.5807291666666666 0.1123125 0.23697916666666666
1 0.418953125 0.53125 0.095703125 0.2630208333333333
2 0.691890625 0.6822916666666666 0.024421875000000003 0.0625
2 0.904296875 0.50325 0.029296875 0.058604166666666666
2 0.84278125 0.4036458333333333 0.0234375 0.06770833333333333
2 0.79834375 0.32616666666666666 0.018562500000000003 0.04558333333333333
2 0.741703125 0.3645833333333333 0.016609375000000003 0.041666666666666664
2 0.580078125 0.3880208333333333 0.021484375 0.059895833333333336
2 0.379890625 0.3685 0.01953125 0.0390625
2 0.354 0.38997916666666665 0.020515625000000003 0.042979166666666666
2 0.4086875 0.3463541666666667 0.014656250000000001 0.026041666666666668
2 0.950203125 0.47852083333333334 0.01953125 0.050791666666666666
2 0.52734375 0.43164583333333334 0.015625 0.05339583333333333
1 0.743171875 0.27279166666666665 0.07421875 0.134125
1 0.779296875 0.4726666666666667 0.08203125 0.17447916666666666
3 0.650875 0.4192708333333333 0.10059375 0.19270833333333334
