3 0.382453125 0.4529583333333333 0.189234375 0.4265416666666667
3 0.6307968749999999 0.54825 0.183296875 0.6894166666666667
1 0.819125 0.7485625 0.13440625 0.37120833333333336
2 0.4421875 0.8270833333333333 0.45 0.8291666666666667 0.4515625 0.8208333333333333 0.4546875 0.81875 0.45625 0.8291666666666667 0.4609375 0.8354166666666667 0.453125 0.8395833333333333 0.4421875 0.8375 0.440625 0.8416666666666667 0.4484375 0.8479166666666667 0.4515625 0.84375 0.46875 0.8416666666666667 0.471875 0.8354166666666667 0.48125 0.83125 0.4875 0.8333333333333334 0.484375 0.8416666666666667 0.484375 0.8479166666666667 0.475 0.8604166666666667 0.4765625 0.8645833333333334 0.4828125 0.8583333333333333 0.490625 0.8604166666666667 0.490625 0.8625 0.478125 0.86875 0.484375 0.8708333333333333 0.4875 0.875 0.484375 0.8791666666666667 0.4875 0.8854166666666666 0.4890625 0.9104166666666667 0.4828125 0.9333333333333333 0.4828125 0.9520833333333333 0.4890625 0.9791666666666666 0.4875 0.9979166666666667 0.4328125 0.9979166666666667 0.4203125 0.9916666666666667 0.4234375 0.98125 0.4234375 0.96875 0.4265625 0.9604166666666667 0.4296875 0.9354166666666667 0.434375 0.9229166666666667 0.434375 0.90625 0.4328125 0.8979166666666667 0.41875 0.875 0.41875 0.86875 0.421875 0.8666666666666667 0.4375 0.8666666666666667 0.4390625 0.8645833333333334 0.4375 0.8291666666666667 0.440625 0.8270833333333333
2 0.565625 0.18541666666666667 0.56875 0.19166666666666668 0.56875 0.2125 0.5609375 0.24375 0.55625 0.24375 0.553125 0.2375 0.553125 0.20416666666666666 0.55625 0.18958333333333333 0.5640625 0.18541666666666667
2 0.6984375 0.14583333333333334 0.6953125 0.125 0.7 0.11666666666666667 0.7046875 0.11666666666666667 0.709375 0.125 0.70625 0.14583333333333334 0.7 0.14583333333333334
2 0.828125 0.21770833333333334 0.021875 0.04791666666666667
2 0.165625 0.9770833333333333 0.171875 0.9833333333333333 0.1765625 0.9833333333333333 0.178125 0.99375 0.1734375 0.9979166666666667 0.1171875 0.9979166666666667 0.11875 0.9916666666666667 0.125 0.99375 0.1359375 0.9833333333333333 0.146875 0.9833333333333333 0.1546875 0.975 0.1625 0.975 0.1640625 0.9770833333333333
2 0.64375 0.075 0.65 0.1 0.6421875 0.10625 0.6359375 0.09791666666666667 0.6359375 0.08541666666666667 0.6421875 0.07708333333333334
2 0.8125 0.2604166666666667 0.8171875 0.26666666666666666 0.8203125 0.27708333333333335 0.8203125 0.30625 0.8171875 0.31666666666666665 0.8125 0.3229166666666667 0.80625 0.32083333333333336 0.8015625 0.3104166666666667 0.8015625 0.26875 0.80625 0.2625 0.8109375 0.2604166666666667
2 0.615625 0.07708333333333334 0.6234375 0.07708333333333334 0.6265625 0.08125 0.6296875 0.09375 0.625 0.10416666666666667 0.621875 0.10625 0.615625 0.10416666666666667 0.6140625 0.09791666666666667 0.615625 0.07916666666666666
2 0.5015625 0.625 0.5078125 0.6291666666666667 0.5125 0.6479166666666667 0.5125 0.68125 0.5171875 0.6916666666666667 0.515625 0.7020833333333333 0.521875 0.7104166666666667 0.521875 0.7229166666666667 0.5171875 0.7270833333333333 0.5171875 0.7333333333333333 0.5140625 0.7375 0.515625 0.75625 0.509375 0.7625 0.5046875 0.7625 0.4984375 0.7729166666666667 0.490625 0.7729166666666667 0.471875 0.7458333333333333 0.4703125 0.7145833333333333 0.471875 0.7125 0.4734375 0.68125 0.4765625 0.6729166666666667 0.475 0.65 0.4734375 0.6479166666666667 0.4734375 0.625 0.475 0.6229166666666667 0.48125 0.625 0.4953125 0.6229166666666667 0.5 0.625
2 0.8515625 0.23541666666666666 0.853125 0.2375 0.853125 0.26666666666666666 0.85 0.2791666666666667 0.84375 0.2791666666666667 0.8375 0.2708333333333333 0.8359375 0.26458333333333334 0.8375 0.24375 0.84375 0.23333333333333334 0.85 0.23541666666666666
2 0.5078125 0.43333333333333335 0.5296875 0.44375 0.528125 0.48125 0.5171875 0.49583333333333335 0.5125 0.51875 0.5078125 0.5229166666666667 0.5 0.5104166666666666 0.5 0.46458333333333335 0.4984375 0.4625 0.496875 0.4375 0.4984375 0.4354166666666667 0.50625 0.4354166666666667
2 0.5921875 0.10625 0.5953125 0.1125 0.5953125 0.12291666666666666 0.5875 0.1375 0.584375 0.1375 0.58125 0.13333333333333333 0.58125 0.10833333333333334 0.584375 0.10416666666666667 0.590625 0.10625
2 0.59375 0.08958333333333333 0.6 0.09583333333333334 0.6 0.1 0.5953125 0.10833333333333334 0.5953125 0.125 0.5875 0.1375 0.584375 0.1375 0.58125 0.13333333333333333 0.58125 0.10833333333333334 0.584375 0.10208333333333333 0.5859375 0.09166666666666666 0.5921875 0.08958333333333333
2 0.86875 0.2708333333333333 0.8734375 0.27708333333333335 0.875 0.28958333333333336 0.8796875 0.3020833333333333 0.8796875 0.325 0.878125 0.32708333333333334 0.8625 0.325 0.8546875 0.3104166666666667 0.8546875 0.2833333333333333 0.859375 0.2791666666666667 0.8625 0.2708333333333333 0.8671875 0.2708333333333333
2 0.615625 0.2125 0.621875 0.22291666666666668 0.6234375 0.23125 0.6234375 0.24375 0.61875 0.25 0.603125 0.25 0.596875 0.24166666666666667 0.5953125 0.21666666666666667 0.5984375 0.20208333333333334 0.6015625 0.19791666666666666 0.60625 0.19791666666666666 0.6078125 0.20416666666666666 0.6140625 0.2125
2 0.90625 0.34791666666666665 0.9109375 0.35208333333333336 0.9171875 0.375 0.91875 0.3854166666666667 0.9171875 0.4041666666666667 0.9109375 0.41041666666666665 0.9015625 0.41041666666666665 0.89375 0.4041666666666667 0.89375 0.4 0.8890625 0.39166666666666666 0.8890625 0.3729166666666667 0.8984375 0.36041666666666666 0.8984375 0.35625 0.9046875 0.35
2 0.471875 0.20833333333333334 0.478125 0.2125 0.4796875 0.22708333333333333 0.4765625 0.23125 0.4734375 0.24375 0.465625 0.25416666666666665 0.459375 0.25416666666666665 0.45625 0.24791666666666667 0.4625 0.22291666666666668 0.4625 0.20833333333333334 0.465625 0.20416666666666666 0.4703125 0.20833333333333334
2 0.728125 0.09166666666666666 0.7265625 0.08541666666666667 0.7265625 0.06875 0.728125 0.06666666666666667 0.7328125 0.06666666666666667 0.7359375 0.08125 0.7359375 0.0875 0.7328125 0.09166666666666666 0.7296875 0.09166666666666666
2 0.88125 0.5520833333333334 0.8796875 0.5458333333333333 0.8796875 0.4895833333333333 0.8765625 0.48333333333333334 0.875 0.44166666666666665 0.8828125 0.4354166666666667 0.884375 0.41458333333333336 0.8875 0.41041666666666665 0.8921875 0.41041666666666665 0.89375 0.41458333333333336 0.8921875 0.42083333333333334 0.9 0.4479166666666667 0.9 0.4708333333333333 0.8890625 0.5083333333333333 0.8890625 0.5229166666666667 0.8921875 0.5291666666666667 0.8921875 0.5458333333333333 0.8890625 0.5520833333333334 0.8859375 0.5541666666666667 0.8828125 0.5520833333333334
2 0.6015625 0.15833333333333333 0.6078125 0.16458333333333333 0.609375 0.18333333333333332 0.60625 0.19583333333333333 0.6015625 0.19583333333333333 0.596875 0.20208333333333334 0.59375 0.2 0.5921875 0.19375 0.5921875 0.16458333333333333 0.5953125 0.15833333333333333 0.6 0.15833333333333333
2 0.775 0.26875 0.7765625 0.2708333333333333 0.7859375 0.2708333333333333 0.7890625 0.27708333333333335 0.7875 0.3229166666666667 0.7859375 0.32708333333333334 0.7796875 0.32916666666666666 0.775 0.325 0.7734375 0.31875 0.7703125 0.3 0.7703125 0.28125 0.7734375 0.2708333333333333
2 0.659375 0.05625 0.6671875 0.05625 0.6703125 0.06041666666666667 0.66875 0.0875 0.665625 0.09375 0.6609375 0.09583333333333334 0.6578125 0.09166666666666666 0.6578125 0.06041666666666667 0.659375 0.058333333333333334
0 0.021875 0.06666666666666667 0 0.07291666666666667 0 0.29375 0.0375 0.27708333333333335 0.0625 0.2833333333333333 0.071875 0.27291666666666664 0.0765625 0.24791666666666667 0.1140625 0.22708333333333333 0.1359375 0.23333333333333334 0.146875 0.22291666666666668 0.153125 0.20208333333333334 0.16875 0.19166666666666668 0.1703125 0.16666666666666666 0.1640625 0.14583333333333334 0.0953125 0.0625 0.0671875 0.058333333333333334