1 0.5157812500000001 0.18072916666666666 0.061765625000000005 0.1006875
1 0.8079375000000001 0.40395833333333336 0.0725625 0.19245833333333331
3 0.63425 0.2298333333333333 0.08154687499999999 0.168125
3 0.5295625 0.6095624999999999 0.206671875 0.5038750000000001
2 0.899953125 0.46739583333333334 0.014374999999999999 0.06277083333333333
1 0.640921875 0.3783125 0.07640625 0.15925
2 0.916890625 0.8143125 0.045078125000000004 0.09997916666666667
2 0.68996875 0.6201041666666666 0.02590625 0.10516666666666666
1 0.48448437499999997 0.2951875 0.08825 0.17677083333333332
2 0.8860468750000001 0.5358333333333333 0.02265625 0.06733333333333333
2 0.20665624999999999 0.8164583333333333 0.03534375 0.13358333333333333
2 0.696296875 0.9459583333333333 0.03515625 0.10806249999999999
2 0.271 0.9550833333333333 0.047843750000000004 0.08983333333333333
2 0.286140625 0.7213541666666666 0.044921875 0.11458333333333333
2 0.3149375 0.5266875 0.032234374999999996 0.08725000000000001
2 0.38184375 0.5683541666666667 0.0234375 0.10287500000000001
2 0.38671875 0.6888124999999999 0.0234375 0.1015625
2 0.418453125 0.4348958333333333 0.022468750000000003 0.07552083333333333
2 0.72803125 0.4765625 0.022468750000000003 0.08072916666666667
2 0.734859375 0.5950624999999999 0.028328125 0.0703125
2 0.79590625 0.6601666666666667 0.029296875 0.059895833333333336
2 0.74365625 0.7910208333333333 0.026375 0.07683333333333334
2 0.8276406250000001 0.9199166666666667 0.038093749999999996 0.08985416666666667
2 0.96778125 0.7806041666666667 0.03515625 0.11329166666666667
2 0.883796875 0.6901041666666666 0.015625 0.1015625
2 0.9770468749999999 0.5787708333333333 0.022468750000000003 0.07162500000000001
2 0.9555624999999999 0.49283333333333335 0.026375 0.06902083333333334
2 0.868171875 0.46810416666666665 0.013671875 0.050791666666666666
1 0.732421875 0.3268333333333333 0.06640625 0.13020833333333334
