1 0.659546875 0.6315208333333333 0.137078125 0.28339583333333335
1 0.50865625 0.4026875 0.11854687500000001 0.2197083333333333
1 0.6405000000000001 0.45252083333333337 0.10396875000000001 0.15802083333333333
2 0.789359375 0.3867291666666667 0.050921875000000005 0.05216666666666667
2 0.218171875 0.8339791666666667 0.0914375 0.15302083333333333
2 0.167828125 0.9578749999999999 0.067125 0.06727083333333334
2 0.088546875 0.8621666666666666 0.052078124999999996 0.13833333333333334
1 0.4609375 0.6232500000000001 0.14409375 0.2966875
3 0.131359375 0.41833333333333333 0.232640625 0.313
3 0.30815625 0.17445833333333333 0.220484375 0.29154166666666664
