2 0.59621875 0.39445833333333336 0.0894375 0.14866666666666667
2 0.607859375 0.5836875 0.11678124999999999 0.27579166666666666
4 0.374453125 0.4561875 0.288328125 0.5323541666666667
0 0.8160624999999999 0.3982708333333333 0.16775 0.4717291666666667
3 0.31832812499999996 0.9722500000000001 0.073140625 0.0555
3 0.022453124999999997 0.8800833333333333 0.044906249999999995 0.059083333333333335
3 0.460453125 0.6692708333333334 0.032234374999999996 0.07552083333333333
3 0.494140625 0.6211041666666667 0.017578125 0.057291666666666664
3 0.508796875 0.46939583333333335 0.017578125 0.042979166666666666
3 0.190921875 0.9492291666666667 0.028328125 0.08333333333333333
3 0.550296875 0.9283958333333333 0.045906249999999996 0.125
3 0.697265625 0.8255208333333334 0.033203125 0.11197916666666667
3 0.939453125 0.8255208333333334 0.041015625 0.08072916666666667
2 0.9682656250000001 0.5885416666666666 0.06348437500000001 0.23177083333333334
3 0.9204062499999999 0.5546875 0.012703125000000001 0.0390625
3 0.9296875 0.4336041666666667 0.009765625 0.049479166666666664
3 0.9418906249999999 0.41862499999999997 0.00684375 0.0325625
3 0.682125 0.5488333333333333 0.032234374999999996 0.07422916666666667
2 0.644046875 0.33268749999999997 0.057625 0.16797916666666665
3 0.194828125 0.8033958333333333 0.018562500000000003 0.052083333333333336
3 0.28125 0.8652291666666667 0.025390625 0.07683333333333334