4 0.64746875 0.4205833333333333 0.166015625 0.4661458333333333
2 0.6484375 0.8046875 0.150390625 0.34375
3 0.876953125 0.5579375 0.04296875 0.134125
3 0.92871875 0.6041666666666666 0.044921875 0.1328125
3 0.844734375 0.35352083333333334 0.048828125 0.09766666666666667
3 0.7734375 0.3685 0.0234375 0.07291666666666667
3 0.79540625 0.4244791666666667 0.018562500000000003 0.046875
3 0.8149374999999999 0.4609375 0.018562500000000003 0.052083333333333336
3 0.833015625 0.5162708333333333 0.0234375 0.09766666666666667
3 0.984375 0.7845 0.03125 0.16797916666666665
2 0.85059375 0.7884166666666667 0.169921875 0.33725
2 0.4975625 0.8606874999999999 0.057625 0.15104166666666666
2 0.421390625 0.5338541666666666 0.08106250000000001 0.16927083333333334
2 0.461421875 0.36522916666666666 0.09473437500000001 0.13933333333333334
4 0.490234375 0.20247916666666665 0.08984375 0.227875
3 0.30615625 0.48372916666666665 0.055671875 0.14454166666666665
3 0.19434374999999998 0.6145833333333334 0.046875 0.16145833333333334
3 0.498046875 0.5612083333333333 0.0625 0.140625
3 0.13184374999999998 0.7109375 0.0703125 0.16145833333333334
3 0.07715625000000001 0.8977916666666667 0.06640625 0.1888125
2 0.26465625 0.7402291666666667 0.17578125 0.272125
3 0.75634375 0.49283333333333335 0.049812499999999996 0.11329166666666667
3 0.387703125 0.8352916666666667 0.052734375 0.14714583333333334
3 0.754890625 0.222 0.01953125 0.058583333333333334