1 0.21017187499999998 0.8110416666666667 0.24348437500000003 0.3779166666666667
1 0.5699687499999999 0.6495416666666666 0.1353125 0.33397916666666666
3 0.638203125 0.3885625 0.129328125 0.33360416666666665
1 0.40989062499999995 0.5478124999999999 0.148671875 0.28602083333333334
0 0.74065625 0.19341666666666668 0.06301562499999999 0.13739583333333333
1 0.703125 0.45208333333333334 0.703125 0.53125 0.709375 0.5333333333333333 0.7609375 0.45208333333333334 0.8046875 0.43125 0.7953125 0.375 0.7828125 0.3458333333333333 0.759375 0.3375 0.734375 0.33958333333333335 0.715625 0.3770833333333333
1 0.721875 0.2833333333333333 0.721875 0.3541666666666667 0.7328125 0.34375 0.7921875 0.3770833333333333 0.803125 0.41875 0.803125 0.3645833333333333 0.809375 0.33541666666666664 0.7875 0.2604166666666667 0.7671875 0.24583333333333332 0.7359375 0.24166666666666667 0.725 0.25416666666666665
1 0.403125 0.31875 0.3828125 0.36875 0.3890625 0.39791666666666664 0.4296875 0.39791666666666664 0.46875 0.4083333333333333 0.4765625 0.44166666666666665 0.4859375 0.4479166666666667 0.4859375 0.4625 0.49375 0.4625 0.4984375 0.38958333333333334 0.4859375 0.3729166666666667 0.4921875 0.3625 0.48125 0.3375 0.484375 0.32083333333333336 0.428125 0.30416666666666664 0.4109375 0.30833333333333335
3 0.4265625 0.16875 0.4265625 0.23541666666666666 0.415625 0.27291666666666664 0.4078125 0.2791666666666667 0.4234375 0.29583333333333334 0.478125 0.30625 0.49375 0.35 0.51875 0.33125 0.521875 0.30625 0.5390625 0.2625 0.5375 0.14791666666666667 0.496875 0.13125 0.45625 0.13125
3 0.7296875 0.5666666666666667 0.728125 0.7020833333333333 0.7328125 0.7270833333333333 0.728125 0.74375 0.7328125 0.7791666666666667 0.7296875 0.8166666666666667 0.7375 0.8416666666666667 0.7375 0.9375 0.75 0.9708333333333333 0.7671875 0.9833333333333333 0.865625 0.9854166666666667 0.878125 0.9541666666666667 0.89375 0.9354166666666667 0.89375 0.91875 0.9078125 0.8895833333333333 0.909375 0.8333333333333334 0.934375 0.8229166666666666 0.940625 0.8104166666666667 0.94375 0.7833333333333333 0.9375 0.775 0.93125 0.78125 0.915625 0.7729166666666667 0.925 0.63125 0.9328125 0.6229166666666667 0.9359375 0.6041666666666666 0.9234375 0.5666666666666667 0.9015625 0.5458333333333333 0.8953125 0.5208333333333334 0.8640625 0.48333333333333334 0.8078125 0.4625 0.7546875 0.46875 0.740625 0.4125
2 0.7046875 0.5583333333333333 0.6984375 0.6583333333333333 0.7203125 0.6604166666666667 0.7296875 0.6291666666666667 0.7265625 0.54375 0.7328125 0.49375 0.715625 0.5041666666666667
2 0.4375 0.8208333333333333 0.4359375 0.8604166666666667 0.4421875 0.8895833333333333 0.465625 0.9208333333333333 0.475 0.8895833333333333 0.4703125 0.7854166666666667 0.453125 0.7833333333333333
2 0.4828125 0.5958333333333333 0.4828125 0.675 0.49375 0.6979166666666666 0.5109375 0.6625 0.5125 0.5770833333333333 0.4984375 0.5645833333333333 0.4890625 0.5666666666666667
2 0.553125 0.32083333333333336 0.5359375 0.3104166666666667 0.5359375 0.375 0.5421875 0.38958333333333334 0.54375 0.42916666666666664 0.553125 0.45208333333333334 0.5625 0.44166666666666665 0.565625 0.38125 0.5640625 0.34791666666666665
2 0.5203125 0.5020833333333333 0.5203125 0.5395833333333333 0.5296875 0.5520833333333334 0.5375 0.5145833333333333 0.53125 0.5
2 0.51875 0.36875 0.5078125 0.4083333333333333 0.5078125 0.4625 0.521875 0.4979166666666667 0.5359375 0.4979166666666667 0.540625 0.3958333333333333 0.53125 0.35833333333333334 0.521875 0.35833333333333334
2 0.5296875 0.29791666666666666 0.55625 0.33125 0.5609375 0.2833333333333333 0.553125 0.2625 0.5453125 0.26458333333333334
2 0.071875 0.76875 0.065625 0.8520833333333333 0.0734375 0.8895833333333333 0.1046875 0.8541666666666666 0.1078125 0.7729166666666667 0.0921875 0.7458333333333333
2 0.3 0.90625 0.3125 0.9354166666666667 0.2953125 0.9645833333333333 0.3109375 0.9791666666666666 0.3125 0.9979166666666667 0.365625 0.9979166666666667 0.3625 0.9583333333333334 0.3578125 0.9520833333333333 0.3453125 0.95625 0.321875 0.9375 0.3078125 0.9041666666666667
2 0.959375 0.9354166666666667 0.9640625 0.94375 0.953125 0.9958333333333333 0.9984375 0.9979166666666667 0.9984375 0.9229166666666667 0.9921875 0.9125 0.9703125 0.9145833333333333
