1 0.133421875 0.8501666666666666 0.2548125 0.28625
3 0.338375 0.4931875 0.230734375 0.6267499999999999
3 0.844828125 0.7638750000000001 0.21764062499999998 0.4674583333333333
3 0.608 0.6485 0.169703125 0.5692916666666666
1 0.5168125 0.21960416666666666 0.06949999999999999 0.12595833333333334
1 0.785640625 0.4752708333333333 0.122078125 0.15104166666666666
1 0.7680625 0.375 0.09276562499999999 0.1015625
3 0.258296875 0.2141875 0.17675000000000002 0.2565
2 0.934578125 0.6171875 0.033203125 0.078125
2 0.876953125 0.46158333333333335 0.0234375 0.058604166666666666
2 0.8725625000000001 0.39127083333333335 0.036140624999999996 0.06641666666666667
