1 0.78015625 0.3672708333333333 0.0858125 0.1768125
3 0.328703125 0.4408333333333333 0.18251562500000001 0.3468541666666667
1 0.4578125 0.2765208333333333 0.081078125 0.15545833333333334
1 0.1734375 0.8229166666666666 0.175 0.9270833333333334 0.1921875 0.925 0.2078125 0.90625 0.21875 0.90625 0.25 0.9104166666666667 0.275 0.9291666666666667 0.296875 0.89375 0.3125 0.9041666666666667 0.3203125 0.9208333333333333 0.3265625 0.8541666666666666 0.3578125 0.8375 0.3640625 0.825 0.3734375 0.6395833333333333 0.359375 0.5708333333333333 0.28125 0.5541666666666667 0.246875 0.5854166666666667 0.221875 0.63125
3 0.58125 0.425 0.546875 0.5916666666666667 0.5421875 0.6416666666666667 0.51875 0.6875 0.525 0.7125 0.521875 0.7729166666666667 0.53125 0.8145833333333333 0.53125 0.8541666666666666 0.5359375 0.8645833333333334 0.559375 0.875 0.6359375 0.8958333333333334 0.6640625 0.8916666666666667 0.6734375 0.9 0.6984375 0.8520833333333333 0.7125 0.7333333333333333 0.703125 0.6875 0.7078125 0.575 0.703125 0.43125 0.690625 0.42291666666666666 0.5984375 0.4083333333333333 0.5859375 0.41041666666666665
1 0.6421875 0.3875 0.6421875 0.41458333333333336 0.6828125 0.42083333333333334 0.70625 0.44583333333333336 0.7125 0.6291666666666667 0.728125 0.6333333333333333 0.734375 0.5979166666666667 0.7359375 0.5020833333333333 0.7421875 0.4895833333333333 0.7265625 0.36666666666666664 0.709375 0.35625 0.6578125 0.35 0.646875 0.35833333333333334
3 0.60625 0.28541666666666665 0.5984375 0.32916666666666666 0.603125 0.3416666666666667 0.6015625 0.40208333333333335 0.6359375 0.4125 0.6453125 0.35625 0.65625 0.34791666666666665 0.696875 0.35 0.690625 0.225 0.675 0.19166666666666668 0.65625 0.1875 0.6328125 0.20208333333333334
3 0.4796875 0.11875 0.484375 0.1875 0.50625 0.19791666666666666 0.509375 0.20625 0.509375 0.2708333333333333 0.528125 0.2791666666666667 0.55 0.27708333333333335 0.565625 0.2916666666666667 0.5890625 0.22708333333333333 0.596875 0.10416666666666667 0.5703125 0.07708333333333334 0.521875 0.07291666666666667
1 0.7125 0.19375 0.7109375 0.24375 0.7171875 0.26875 0.7484375 0.2708333333333333 0.771875 0.25833333333333336 0.765625 0.19166666666666668 0.7546875 0.17083333333333334 0.7234375 0.16666666666666666
1 0.4328125 0.35 0.425 0.49375 0.446875 0.4979166666666667 0.4671875 0.4375 0.471875 0.37083333333333335 0.4640625 0.33541666666666664 0.4484375 0.31875 0.4359375 0.31875
1 0.003125 0.18958333333333333 0 0.3145833333333333 0.021875 0.30833333333333335 0.0328125 0.2708333333333333 0.025 0.2125
1 0.1 0.15208333333333332 0.1 0.19583333333333333 0.14375 0.19791666666666666 0.178125 0.18125 0.1765625 0.15208333333333332 0.1625 0.12708333333333333 0.109375 0.13125
2 0.9 0.53125 0.903125 0.5875 0.91875 0.6145833333333334 0.9328125 0.5791666666666667 0.9390625 0.5041666666666667 0.9078125 0.4895833333333333
2 0.6015625 0.24166666666666667 0.6046875 0.2833333333333333 0.615625 0.2520833333333333 0.6109375 0.23958333333333334
2 0.846875 0.38125 0.8453125 0.43333333333333335 0.85625 0.4625 0.8625 0.46458333333333335 0.8625 0.4354166666666667 0.8765625 0.39166666666666666 0.865625 0.3333333333333333 0.859375 0.3375
