3 0.652421875 0.5845625 0.17784375 0.49525
1 0.805859375 0.48275 0.102125 0.2139375
2 0.92590625 0.723125 0.029484375 0.11304166666666667
2 0.277796875 0.8644791666666667 0.032328125 0.11035416666666667
1 0.29325 0.5957083333333333 0.16740625 0.37322916666666667
3 0.340640625 0.17497916666666666 0.090203125 0.20014583333333333
0 0.378125 0.3104166666666667 0.384375 0.36666666666666664 0.3796875 0.40625 0.3828125 0.46458333333333335 0.396875 0.51875 0.4359375 0.5395833333333333 0.4671875 0.5354166666666667 0.5 0.5541666666666667 0.51875 0.4875 0.5328125 0.4666666666666667 0.5375 0.41875 0.5453125 0.4 0.540625 0.375 0.5515625 0.34791666666666665 0.553125 0.15 0.5390625 0.13541666666666666 0.4578125 0.13333333333333333 0.396875 0.22291666666666668
2 0.209375 0.9479166666666666 0.2015625 0.9854166666666667 0.2125 0.9979166666666667 0.215625 0.9479166666666666
2 0.128125 0.9395833333333333 0.1265625 0.9625 0.1421875 0.9979166666666667 0.196875 0.99375 0.1859375 0.9145833333333333 0.1640625 0.8833333333333333 0.1390625 0.9083333333333333
2 0.0109375 0.9208333333333333 0.0078125 0.9270833333333334 0.0171875 0.9333333333333333 0.0203125 0.9479166666666666 0.0109375 0.99375 0.0625 0.9979166666666667 0.0625 0.9666666666666667 0.0703125 0.9479166666666666 0.0421875 0.9354166666666667 0.034375 0.9229166666666667
2 0.4703125 0.9375 0.475 0.9875 0.46875 0.99375 0.503125 0.9979166666666667 0.5140625 0.93125 0.5421875 0.9333333333333333 0.5421875 0.9166666666666666 0.553125 0.9041666666666667 0.54375 0.8895833333333333 0.559375 0.8583333333333333 0.5390625 0.85625 0.5296875 0.8166666666666667 0.53125 0.7916666666666666 0.5234375 0.775 0.5046875 0.7854166666666667 0.4875 0.8479166666666667 0.4765625 0.8666666666666667 0.4828125 0.8875
2 0.5359375 0.5166666666666667 0.528125 0.55625 0.5109375 0.5625 0.515625 0.5791666666666667 0.5140625 0.7125 0.521875 0.7333333333333333 0.5296875 0.7333333333333333 0.5484375 0.6875 0.55 0.5833333333333334 0.55625 0.5666666666666667 0.55 0.5291666666666667 0.5578125 0.5104166666666666
2 0.9015625 0.5895833333333333 0.8859375 0.5916666666666667 0.9078125 0.6791666666666667 0.9078125 0.6270833333333333 0.915625 0.59375
1 0.0265625 0.36875 0.0234375 0.38333333333333336 0.03125 0.4395833333333333 0.0390625 0.44583333333333336 0.08125 0.44583333333333336 0.1109375 0.4666666666666667 0.125 0.46041666666666664 0.1375 0.43125 0.1859375 0.4083333333333333 0.19375 0.36041666666666666 0.1875 0.325 0.1578125 0.29791666666666666 0.103125 0.2875 0.075 0.29583333333333334 0.05 0.31875
1 0.0046875 0.29791666666666666 0 0.29791666666666666 0 0.4270833333333333 0.0234375 0.4083333333333333 0.0328125 0.35 0.0328125 0.32083333333333336
1 0.021875 0.22916666666666666 0 0.22916666666666666 0 0.29375 0.0359375 0.31666666666666665 0.0640625 0.30416666666666664 0.0703125 0.2916666666666667 0.065625 0.25416666666666665
1 0.203125 0.18541666666666667 0.2015625 0.21458333333333332 0.2078125 0.23333333333333334 0.25 0.23125 0.2578125 0.22708333333333333 0.25625 0.2 0.2640625 0.18333333333333332 0.2859375 0.18541666666666667 0.2875 0.16666666666666666 0.2765625 0.14791666666666667 0.25 0.13333333333333333 0.2171875 0.14375 0.2078125 0.15833333333333333
