1 0.46010937500000004 0.4077291666666667 0.10871875 0.229625
1 0.274328125 0.7472291666666667 0.21346875 0.4169375
1 0.813140625 0.5352083333333333 0.130671875 0.26760416666666664
1 0.65903125 0.4427083333333333 0.11728125 0.24697916666666667
3 0.45 0.21041666666666667 0.45 0.3 0.4578125 0.30833333333333335 0.5109375 0.31666666666666665 0.525 0.28125 0.5359375 0.22708333333333333 0.53125 0.15208333333333332 0.5078125 0.13333333333333333 0.4828125 0.13333333333333333 0.4671875 0.14375 0.4578125 0.15833333333333333
3 0.7234375 0.2791666666666667 0.721875 0.33541666666666664 0.728125 0.3541666666666667 0.7796875 0.3625 0.7921875 0.3541666666666667 0.796875 0.3104166666666667 0.7890625 0.22916666666666666 0.7453125 0.21875 0.7265625 0.22291666666666668
3 0.69375 0.14583333333333334 0.6921875 0.20208333333333334 0.7 0.23541666666666666 0.70625 0.25 0.721875 0.25625 0.734375 0.21875 0.7578125 0.21875 0.7640625 0.15416666666666667 0.734375 0.11666666666666667 0.6953125 0.12916666666666668
3 0.4453125 0.9354166666666667 0.4421875 0.9979166666666667 0.678125 0.9958333333333333 0.684375 0.9166666666666666 0.675 0.8791666666666667 0.68125 0.8020833333333334 0.6765625 0.65 0.665625 0.6020833333333333 0.65 0.56875 0.5765625 0.5583333333333333 0.5578125 0.5645833333333333 0.5453125 0.5833333333333334 0.5140625 0.6895833333333333 0.4890625 0.8104166666666667 0.4625 0.8479166666666667
1 0.5828125 0.22291666666666668 0.584375 0.29375 0.609375 0.29375 0.6359375 0.30625 0.6453125 0.25416666666666665 0.6359375 0.19583333333333333 0.6234375 0.1875 0.603125 0.18958333333333333
1 0.628125 0.1625 0.628125 0.18541666666666667 0.6375 0.19375 0.6453125 0.22291666666666668 0.6640625 0.22708333333333333 0.671875 0.20625 0.66875 0.15 0.6390625 0.14791666666666667
1 0.534375 0.12708333333333333 0.5296875 0.13541666666666666 0.5375 0.17291666666666666 0.5359375 0.2125 0.5390625 0.22083333333333333 0.5546875 0.22291666666666668 0.5640625 0.2 0.5671875 0.15416666666666667 0.5515625 0.12291666666666666
