1 0.35176562499999997 0.5801875 0.168234375 0.250625
3 0.39778125000000003 0.36543749999999997 0.14621875 0.23920833333333333
2 0.966984375 0.6672708333333334 0.028484375 0.08731249999999999
2 0.02296875 0.9015833333333333 0.0459375 0.08383333333333334
2 0.4535 0.6590416666666666 0.03121875 0.09370833333333332
3 0.834171875 0.6156458333333333 0.1593125 0.5098541666666666
1 0.48553125 0.312375 0.073328125 0.15185416666666668
2 0.185421875 0.7193333333333333 0.025796875000000004 0.12047916666666666
3 0.6048281249999999 0.5913125 0.16303125000000002 0.45858333333333334
1 0.766625 0.34439583333333335 0.070484375 0.105375
2 0.42040625 0.862625 0.03028125 0.10547916666666667
2 0.336921875 0.8743541666666667 0.037109375 0.10287500000000001
2 0.550296875 0.9524791666666667 0.041999999999999996 0.09506250000000001
2 0.9135781250000001 0.9492291666666667 0.040046874999999996 0.078125
2 0.9379843749999999 0.8222708333333333 0.024421875000000003 0.06641666666666667
2 0.50390625 0.40689583333333335 0.021484375 0.058604166666666666
2 0.48975 0.5768333333333333 0.03028125 0.09114583333333333
2 0.250984375 0.8424583333333333 0.03125 0.09635416666666667
3 0.638671875 0.28841666666666665 0.107421875 0.20704166666666665
