3 0.18125 0.8416666666666667 0.1828125 0.84375 0.1875 0.8416666666666667 0.215625 0.8416666666666667 0.2234375 0.8458333333333333 0.2265625 0.84375 0.2375 0.8583333333333333 0.240625 0.8708333333333333 0.2390625 0.88125 0.2421875 0.9 0.240625 0.9020833333333333 0.2421875 0.90625 0.240625 0.9166666666666666 0.24375 0.9208333333333333 0.24375 0.9333333333333333 0.2421875 0.9354166666666667 0.24375 0.9375 0.2421875 0.9458333333333333 0.24375 0.95625 0.240625 0.9625 0.2375 0.99375 0.190625 0.99375 0.178125 0.9979166666666667 0.165625 0.9916666666666667 0.165625 0.9791666666666666 0.1640625 0.9770833333333333 0.1671875 0.9708333333333333 0.165625 0.96875 0.165625 0.94375 0.1640625 0.9416666666666667 0.1671875 0.93125 0.165625 0.8791666666666667 0.16875 0.8729166666666667 0.16875 0.8520833333333333 0.171875 0.84375 0.1796875 0.8416666666666667
3 0.1578125 0.8104166666666667 0.1609375 0.8166666666666667 0.1625 0.83125 0.1609375 0.8333333333333334 0.159375 0.85625 0.15625 0.8645833333333334 0.1578125 0.8708333333333333 0.15625 0.9041666666666667 0.146875 0.9125 0.1453125 0.925 0.140625 0.93125 0.1421875 0.9416666666666667 0.1375 0.9479166666666666 0.1359375 0.9833333333333333 0.128125 0.99375 0.0859375 0.99375 0.084375 0.9916666666666667 0.0859375 0.9833333333333333 0.0765625 0.975 0.0796875 0.9583333333333334 0.075 0.95 0.0765625 0.9458333333333333 0.0765625 0.9270833333333334 0.075 0.925 0.0765625 0.9166666666666666 0.075 0.9104166666666667 0.0765625 0.9083333333333333 0.075 0.9041666666666667 0.0765625 0.8708333333333333 0.075 0.86875 0.075 0.8479166666666667 0.0734375 0.8458333333333333 0.075 0.8270833333333333 0.0765625 0.825 0.096875 0.8270833333333333 0.1046875 0.8229166666666666 0.1078125 0.8270833333333333 0.1140625 0.8291666666666667 0.1328125 0.8291666666666667 0.1375 0.8166666666666667 0.1453125 0.80625 0.153125 0.80625 0.15625 0.8104166666666667
3 0.684375 0.3375 0.6875 0.33958333333333335 0.6890625 0.36041666666666666 0.6921875 0.36666666666666664 0.690625 0.37083333333333335 0.6921875 0.39166666666666666 0.690625 0.39375 0.6890625 0.4166666666666667 0.6859375 0.4270833333333333 0.6828125 0.46458333333333335 0.6796875 0.46875 0.6703125 0.46458333333333335 0.6671875 0.45416666666666666 0.6671875 0.4270833333333333 0.665625 0.425 0.665625 0.3770833333333333 0.6671875 0.36666666666666664 0.678125 0.3541666666666667 0.678125 0.34791666666666665 0.684375 0.33958333333333335
3 0.30078125 0.9257916666666667 0.0625 0.13541666666666666
2 0.6123125 0.7005208333333334 0.158203125 0.3489583333333333
2 0.412109375 0.6341249999999999 0.162109375 0.3177083333333333
2 0.417484375 0.42512500000000003 0.14159375000000002 0.23045833333333335
2 0.462890625 0.2786458333333333 0.095703125 0.109375
2 0.61475 0.431 0.09862499999999999 0.18229166666666666
2 0.83496875 0.8535208333333333 0.1875 0.2669375
2 0.780765625 0.5826875 0.12403125 0.20183333333333334
2 0.76415625 0.4244791666666667 0.08496875000000001 0.10677083333333333
2 0.5493125 0.22070833333333334 0.06153125 0.11068750000000001
3 0.526375 0.3242291666666667 0.0234375 0.057291666666666664
3 0.81640625 0.42122916666666665 0.017578125 0.04558333333333333
3 0.830078125 0.45377083333333335 0.017578125 0.042979166666666666
3 0.84765625 0.48112499999999997 0.0234375 0.042979166666666666
3 0.8466875 0.5533958333333333 0.02734375 0.06510416666666667
3 0.869140625 0.6230416666666667 0.01953125 0.0638125
3 0.97559375 0.9492291666666667 0.037109375 0.09635416666666667
3 0.9575156249999999 0.8652291666666667 0.034187499999999996 0.08725000000000001
3 0.9545937500000001 0.778 0.028328125 0.08985416666666667
2 0.187015625 0.23241666666666666 0.09082812500000001 0.13152083333333334
2 0.31884375 0.237625 0.09668750000000001 0.11329166666666667
2 0.43896875 0.1295625 0.032234374999999996 0.08202083333333333
2 0.384765625 0.10872916666666667 0.044921875 0.06379166666666666
3 0.20606249999999998 0.14779166666666665 0.03125 0.0455625
3 0.7993125 0.24739583333333334 0.022468750000000003 0.041666666666666664
2 0.74903125 0.3346458333333333 0.080078125 0.11979166666666667
2 0.73046875 0.26366666666666666 0.064453125 0.07162500000000001
4 0.637703125 0.24610416666666665 0.087890625 0.18229166666666666