1 0.69434375 0.36154166666666665 0.085609375 0.17222916666666668
1 0.46803125 0.3737083333333333 0.102390625 0.19689583333333335
1 0.572265625 0.14966666666666667 0.053453125000000004 0.08395833333333333
1 0.35 0.6397708333333333 0.1560625 0.30966666666666665
2 0.77278125 0.4321041666666667 0.0234375 0.0930625
2 0.7370625000000001 0.5896875 0.035734375 0.11202083333333333
1 0.600078125 0.6845416666666666 0.140828125 0.34922916666666665
2 0.46384375 0.7407291666666667 0.03509375 0.1316875
2 0.55734375 0.43162500000000004 0.028203125000000002 0.09885416666666667
1 0.537546875 0.24429166666666668 0.067015625 0.1275
2 0.7375 0.15208333333333332 0.7421875 0.15625 0.7421875 0.16875 0.7375 0.1875 0.73125 0.1875 0.728125 0.18333333333333332 0.7296875 0.15625 0.7359375 0.15416666666666667
2 0.7859375 0.15 0.7890625 0.15416666666666667 0.790625 0.1625 0.790625 0.175 0.7875 0.18958333333333333 0.7828125 0.18958333333333333 0.7796875 0.18541666666666667 0.778125 0.175 0.778125 0.16041666666666668 0.7796875 0.15416666666666667 0.784375 0.15
2 0.765625 0.2708333333333333 0.7671875 0.27291666666666664 0.78125 0.27291666666666664 0.790625 0.27708333333333335 0.7859375 0.3 0.784375 0.325 0.7765625 0.32708333333333334 0.771875 0.3333333333333333 0.7640625 0.32916666666666666 0.7625 0.3229166666666667 0.7640625 0.32083333333333336 0.7625 0.31875 0.7625 0.30416666666666664 0.765625 0.29375 0.765625 0.28125 0.7625 0.27708333333333335 0.7640625 0.27291666666666664
2 0.8546875 0.5145833333333333 0.85 0.5229166666666667 0.85 0.54375 0.8515625 0.5458333333333333 0.85 0.5625 0.8515625 0.5666666666666667 0.85 0.56875 0.8484375 0.60625 0.840625 0.625 0.8390625 0.6395833333333333 0.834375 0.6458333333333334 0.83125 0.64375 0.828125 0.625 0.8234375 0.6125 0.8234375 0.6041666666666666 0.8171875 0.5854166666666667 0.81875 0.5458333333333333 0.8203125 0.54375 0.8171875 0.5333333333333333 0.8171875 0.5229166666666667 0.8234375 0.5270833333333333 0.834375 0.5208333333333334 0.846875 0.5208333333333334 0.853125 0.5145833333333333
2 0.8625 0.6395833333333333 0.8734375 0.6479166666666667 0.8921875 0.6479166666666667 0.896875 0.6520833333333333 0.896875 0.6875 0.8921875 0.7 0.890625 0.7291666666666666 0.8796875 0.7875 0.8765625 0.7916666666666666 0.871875 0.7916666666666666 0.8640625 0.7833333333333333 0.8625 0.7770833333333333 0.8625 0.75 0.85625 0.7229166666666667 0.8578125 0.7166666666666667 0.85625 0.7125 0.8578125 0.6833333333333333 0.85625 0.68125 0.8625 0.6604166666666667 0.8609375 0.6416666666666667
2 0.6125 0.475 0.028125 0.05416666666666667
2 0.8484375 0.9833333333333333 0.85 0.9854166666666667 0.8609375 0.9833333333333333 0.8734375 0.9729166666666667 0.884375 0.96875 0.8953125 0.96875 0.896875 0.9708333333333333 0.903125 0.9666666666666667 0.9109375 0.9666666666666667 0.9140625 0.9708333333333333 0.9140625 0.9729166666666667 0.9046875 0.9770833333333333 0.9015625 0.98125 0.9015625 0.9979166666666667 0.840625 0.9979166666666667 0.840625 0.9791666666666666 0.8359375 0.9729166666666667 0.8359375 0.9666666666666667 0.8390625 0.9625 0.8421875 0.9645833333333333 0.846875 0.9833333333333333
2 0.7234375 0.22083333333333333 0.73125 0.22083333333333333 0.7359375 0.23125 0.7359375 0.25416666666666665 0.7328125 0.2708333333333333 0.7296875 0.275 0.7234375 0.275 0.7203125 0.26875 0.7203125 0.22708333333333333 0.7234375 0.22291666666666668
1 0.825 0.34791666666666665 0.821875 0.425 0.828125 0.45625 0.85 0.475 0.890625 0.4791666666666667 0.9125 0.5 0.921875 0.46458333333333335 0.9203125 0.38125 0.896875 0.32708333333333334 0.8796875 0.3125 0.8421875 0.30625
3 0.628125 0.16041666666666668 0.6234375 0.21041666666666667 0.6265625 0.29375 0.6359375 0.3125 0.659375 0.3125 0.6578125 0.30416666666666664 0.675 0.2833333333333333 0.7 0.27708333333333335 0.7 0.2520833333333333 0.709375 0.24791666666666667 0.703125 0.21458333333333332 0.709375 0.20625 0.709375 0.16458333333333333 0.6984375 0.1375 0.6765625 0.12083333333333333 0.659375 0.12291666666666666
