3 0.331578125 0.57675 0.218515625 0.539875
3 0.656234375 0.391875 0.177921875 0.5840416666666666
1 0.851140625 0.7682916666666666 0.126703125 0.3882291666666667
1 0.7791875 0.3605625 0.054328125000000005 0.170875
2 0.134375 0.69375 0.134375 0.8416666666666667 0.14375 0.85625 0.1546875 0.81875 0.1734375 0.8104166666666667 0.1734375 0.7 0.1546875 0.6791666666666667
2 0.134375 0.9104166666666667 0.128125 0.9458333333333333 0.1421875 0.9979166666666667 0.2046875 0.9979166666666667 0.2015625 0.9791666666666666 0.209375 0.96875 0.209375 0.9333333333333333 0.1796875 0.8625 0.1703125 0.81875 0.15625 0.8229166666666666
2 0.953125 0.5645833333333333 0.9421875 0.56875 0.9421875 0.6645833333333333 0.9484375 0.6854166666666667 0.9640625 0.6291666666666667 0.9625 0.5729166666666666 0.9671875 0.5625
2 0.9171875 0.6125 0.915625 0.6583333333333333 0.928125 0.6895833333333333 0.9421875 0.6541666666666667 0.940625 0.6145833333333334 0.934375 0.60625
2 0.95 0.7291666666666666 0.9421875 0.8083333333333333 0.9765625 0.8666666666666667 0.99375 0.83125 0.9984375 0.7791666666666667 0.9859375 0.69375 0.9765625 0.6666666666666666 0.9703125 0.6666666666666666 0.9640625 0.7
3 0.44375 0.3104166666666667 0.440625 0.3416666666666667 0.4484375 0.3729166666666667 0.4953125 0.40208333333333335 0.5109375 0.45416666666666666 0.5078125 0.4875 0.5171875 0.49583333333333335 0.546875 0.375 0.553125 0.32708333333333334 0.54375 0.3104166666666667 0.5453125 0.3 0.528125 0.28125 0.4953125 0.2875 0.45625 0.2791666666666667
1 0.4462890625 0.38671875 0.4328125 0.5916666666666667 0.4875 0.6145833333333334 0.49375 0.59375 0.4921875 0.5666666666666667 0.503125 0.5520833333333334 0.5015625 0.4979166666666667 0.5109375 0.45208333333333334 0.490625 0.3958333333333333 0.4546875 0.3854166666666667
1 0.484375 0.24166666666666667 0.478125 0.26875 0.5296875 0.27291666666666664 0.540625 0.2916666666666667 0.5484375 0.2875 0.55 0.26458333333333334 0.5390625 0.22916666666666666 0.5 0.22083333333333333
2 0.8203125 0.425 0.828125 0.45625 0.8359375 0.46041666666666664 0.8421875 0.42291666666666666 0.8375 0.37083333333333335 0.8265625 0.3645833333333333
2 0.8484375 0.44375 0.85 0.48541666666666666 0.8625 0.50625 0.8671875 0.4895833333333333 0.8640625 0.4395833333333333 0.8546875 0.4354166666666667
2 0.878125 0.3875 0.8765625 0.4666666666666667 0.890625 0.49583333333333335 0.9046875 0.40208333333333335 0.89375 0.35833333333333334
2 0.9046875 0.37916666666666665 0.903125 0.46041666666666664 0.9203125 0.47708333333333336 0.9234375 0.38958333333333334 0.915625 0.36875 0.9078125 0.36875
2 0.8296875 0.29583333333333334 0.828125 0.32916666666666666 0.834375 0.35208333333333336 0.8484375 0.32916666666666666 0.8484375 0.3125 0.840625 0.29583333333333334
2 0.7984375 0.3020833333333333 0.796875 0.32708333333333334 0.8109375 0.35 0.8171875 0.34375 0.815625 0.30416666666666664 0.8078125 0.29583333333333334
