3 0.660734375 0.26779166666666665 0.095484375 0.21960416666666666
1 0.3529375 0.13277083333333334 0.05909375 0.09652083333333333
3 0.088390625 0.15266666666666667 0.17676562499999998 0.18960416666666668
1 0.319390625 0.631375 0.16240625 0.341875
3 0.47056250000000005 0.3968125 0.13828125 0.29716666666666663
2 0.0241875 0.922 0.048375 0.0905625
1 0.767125 0.37860416666666663 0.087609375 0.16316666666666665
1 0.61053125 0.721375 0.15278125 0.3625
1 0.82465625 0.6849791666666667 0.173609375 0.40470833333333334
3 0.62615625 0.42606249999999996 0.133109375 0.28831249999999997
2 0.9557343749999999 0.7510625 0.05034375 0.14872916666666666
2 0.202546875 0.6452708333333333 0.042828125 0.11839583333333333
