2 0.44821875 0.3752083333333333 0.10304687500000001 0.20810416666666667
2 0.35046875 0.49183333333333334 0.12821875 0.26641666666666663
2 0.2534375 0.7170000000000001 0.166859375 0.353625
2 0.069734375 0.3017083333333333 0.139484375 0.14975
2 0.49056249999999996 0.2747291666666667 0.08553125 0.1255
2 0.8608281249999999 0.7386666666666667 0.1410625 0.3774166666666667
2 0.6745 0.7068958333333334 0.1555 0.34170833333333334
2 0.54409375 0.2088125 0.07760937500000001 0.14339583333333333
3 0.198953125 0.21589583333333331 0.02471875 0.07379166666666667
0 0.6607031250000001 0.20135416666666667 0.08159374999999999 0.1463125
2 0.437203125 0.11489583333333334 0.05354687500000001 0.0840625
3 0.8414531249999999 0.4672708333333333 0.020140625000000002 0.06245833333333333
4 0.64221875 0.45427083333333335 0.136625 0.3740625