1 0.2916875 0.698125 0.1960625 0.3034166666666666
1 0.80528125 0.7145833333333333 0.1265 0.283125
1 0.405265625 0.45339583333333333 0.12567187500000002 0.21085416666666665
2 0.4365 0.7663541666666667 0.040031250000000004 0.18258333333333335
2 0.5339375000000001 0.5580833333333334 0.050265625 0.136875
3 0.05278125 0.47293749999999996 0.104546875 0.36374999999999996
2 0.240328125 0.36470833333333336 0.033859375000000004 0.06127083333333334
2 0.11270312499999999 0.4729791666666667 0.03565625 0.10910416666666665
2 0.8153124999999999 0.3393333333333333 0.037265625000000004 0.115375
1 0.624703125 0.6924375 0.10010937499999999 0.34627083333333336
3 0.21962500000000001 0.19958333333333333 0.157984375 0.21404166666666666
0 0.09085937499999999 0.13547916666666668 0.144671875 0.1981875
0 0.50996875 0.2240625 0.13746875 0.2691875