4 0.41848437499999996 0.34750000000000003 0.15532812499999998 0.35922916666666665
3 0.2171875 0.9173958333333334 0.046375 0.13649999999999998
4 0.64246875 0.535375 0.16134375 0.371125
2 0.7444843750000001 0.29404166666666665 0.0650625 0.11854166666666667
2 0.8334843749999999 0.705875 0.15334375 0.31235416666666665
3 0.362734375 0.7977500000000001 0.040171875 0.1144375
3 0.8211718749999999 0.27116666666666667 0.016421875 0.03879166666666667
2 0.647875 0.30216666666666664 0.06990625 0.0899375
0 0.664671875 0.20445833333333333 0.0674375 0.105375
3 0.36578125 0.9394375 0.040375 0.10875
3 0.7874218749999999 0.395375 0.018296875 0.07162500000000001
2 0.29834375 0.5735625 0.16307812500000002 0.28775
3 0.25928125 0.8443958333333333 0.032234374999999996 0.10027083333333334
3 0.13671875 0.859375 0.0234375 0.049479166666666664
3 0.07129687500000001 0.8209583333333333 0.03125 0.08725000000000001
2 0.546875 0.2669375 0.041015625 0.10677083333333333
3 0.5649375 0.37043750000000003 0.014656250000000001 0.06120833333333333
3 0.740234375 0.4700625 0.01953125 0.08854166666666667
3 0.8393593750000001 0.46939583333333335 0.03028125 0.056
3 0.901375 0.6295625 0.017578125 0.058604166666666666
3 0.9292031250000001 0.7057291666666666 0.01075 0.052083333333333336
3 0.94825 0.8046875 0.01171875 0.07552083333333333
2 0.8012656249999999 0.5013124999999999 0.07715625000000001 0.13802083333333334
3 0.797859375 0.32487499999999997 0.01953125 0.03777083333333333
3 0.82325 0.37956249999999997 0.017578125 0.040375
3 0.594734375 0.31575000000000003 0.021484375 0.058604166666666666
3 0.10840625 0.9733125 0.03125 0.05339583333333333
3 0.024421875000000003 0.9641875 0.0234375 0.07162500000000001
3 0.9360312499999999 0.9667916666666667 0.026375 0.06120833333333333