1 0.262046875 0.734625 0.197546875 0.41372916666666665
3 0.8042812500000001 0.42702083333333335 0.10696874999999999 0.3152916666666667
1 0.641375 0.6616458333333333 0.153828125 0.33239583333333333
1 0.430984375 0.12329166666666666 0.05378125 0.09010416666666667
2 0.93140625 0.7646875000000001 0.039953125 0.16968750000000002
1 0.37110937499999996 0.4555416666666667 0.153984375 0.261125
1 0.839640625 0.7225416666666666 0.12823437499999998 0.2920833333333333
1 0.535765625 0.31933333333333336 0.07470312500000001 0.1709166666666667
2 0.89509375 0.5015 0.03225 0.08260416666666666
3 0.3984375 0.24375 0.3890625 0.3333333333333333 0.425 0.34375 0.4359375 0.3541666666666667 0.4453125 0.4083333333333333 0.440625 0.48333333333333334 0.4671875 0.4979166666666667 0.4796875 0.4583333333333333 0.490625 0.4479166666666667 0.509375 0.3541666666666667 0.515625 0.21666666666666667 0.5078125 0.20833333333333334 0.434375 0.19375 0.403125 0.22916666666666666
1 0.559375 0.45 0.5640625 0.47708333333333336 0.55625 0.56875 0.590625 0.6020833333333333 0.5984375 0.6020833333333333 0.6265625 0.5 0.640625 0.49166666666666664 0.6609375 0.49375 0.6734375 0.47708333333333336 0.659375 0.375 0.6265625 0.35833333333333334 0.596875 0.36041666666666666 0.578125 0.41041666666666665 0.56875 0.41458333333333336
1 0.603125 0.2916666666666667 0.6015625 0.31666666666666665 0.625 0.3125 0.646875 0.31875 0.6640625 0.37083333333333335 0.6671875 0.30833333333333335 0.653125 0.24791666666666667 0.61875 0.24583333333333332
1 0.709375 0.2833333333333333 0.7015625 0.3104166666666667 0.70625 0.425 0.7375 0.4083333333333333 0.7515625 0.35833333333333334 0.7453125 0.28125 0.7640625 0.26875 0.728125 0.25833333333333336
2 0.953125 0.5979166666666667 0.959375 0.6458333333333334 0.9734375 0.6833333333333333 0.9796875 0.6625 0.98125 0.6083333333333333 0.965625 0.59375
2 0.8734375 0.28125 0.86875 0.3229166666666667 0.8765625 0.36666666666666664 0.8921875 0.38333333333333336 0.9078125 0.3875 0.9125 0.3375 0.903125 0.29791666666666666 0.884375 0.2604166666666667 0.878125 0.2625
1 0.1046875 0.23958333333333334 0.1046875 0.25833333333333336 0.1296875 0.31875 0.140625 0.3104166666666667 0.1515625 0.32083333333333336 0.1703125 0.31875 0.1828125 0.29375 0.2125 0.2875 0.2203125 0.27291666666666664 0.2140625 0.2 0.2046875 0.18125 0.1890625 0.175 0.1484375 0.175 0.1328125 0.225
1 0.003125 0.24166666666666667 0 0.48541666666666666 0.021875 0.50625 0.0359375 0.49166666666666664 0.040625 0.46458333333333335 0.053125 0.45416666666666666 0.08125 0.44375 0.0953125 0.45416666666666666 0.109375 0.45208333333333334 0.1171875 0.4375 0.1203125 0.4083333333333333 0.1328125 0.39791666666666664 0.134375 0.37083333333333335 0.128125 0.32708333333333334 0.1171875 0.3020833333333333 0.1046875 0.29375 0.0859375 0.24375 0.028125 0.23333333333333334
