2 0.8112656250000001 0.48004166666666664 0.10496875000000001 0.21552083333333333
2 0.294453125 0.6197083333333333 0.172 0.3469166666666667
0 0.7441875 0.22639583333333332 0.06525 0.104125
2 0.6390625 0.17708333333333334 0.63125 0.2 0.6390625 0.21458333333333332 0.6859375 0.21666666666666667 0.6828125 0.19583333333333333 0.6703125 0.175
4 0.5578125 0.5083333333333333 0.55625 0.5958333333333333 0.5484375 0.6083333333333333 0.5484375 0.7270833333333333 0.553125 0.7333333333333333 0.5484375 0.7541666666666667 0.5578125 0.81875 0.590625 0.86875 0.621875 0.8770833333333333 0.6765625 0.8770833333333333 0.68125 0.8833333333333333 0.6984375 0.8645833333333334 0.709375 0.8291666666666667 0.7078125 0.7708333333333334 0.7171875 0.75625 0.734375 0.68125 0.7453125 0.4666666666666667 0.7328125 0.38125 0.7328125 0.26458333333333334 0.70625 0.27708333333333335 0.6859375 0.26458333333333334 0.653125 0.2625 0.64375 0.25 0.603125 0.2375
2 0.7703125 0.6125 0.765625 0.6708333333333333 0.7546875 0.7020833333333333 0.759375 0.7166666666666667 0.75625 0.725 0.746875 0.7229166666666667 0.7515625 0.73125 0.7515625 0.7854166666666667 0.7625 0.8125 0.765625 0.8541666666666666 0.7765625 0.8583333333333333 0.7890625 0.8791666666666667 0.815625 0.8895833333333333 0.8328125 0.8791666666666667 0.853125 0.8854166666666666 0.85625 0.8770833333333333 0.9046875 0.8541666666666666 0.9125 0.89375 0.9203125 0.8916666666666667 0.9296875 0.7958333333333333 0.9140625 0.71875 0.925 0.6979166666666666 0.909375 0.68125 0.8859375 0.6 0.8640625 0.58125 0.8 0.5770833333333333 0.7796875 0.5916666666666667
3 0.9421875 0.6520833333333333 0.9375 0.7416666666666667 0.9625 0.81875 0.990625 0.6583333333333333 0.96875 0.58125 0.959375 0.5854166666666667
3 0.89375 0.5770833333333333 0.896875 0.63125 0.909375 0.68125 0.9171875 0.6854166666666667 0.93125 0.5895833333333333 0.9375 0.58125 0.9234375 0.59375 0.9109375 0.5666666666666667
3 0.7953125 0.26458333333333334 0.7921875 0.30625 0.809375 0.33958333333333335 0.809375 0.26458333333333334 0.803125 0.25416666666666665
3 0.5421875 0.41458333333333336 0.546875 0.44166666666666665 0.5421875 0.5041666666666667 0.553125 0.5229166666666667 0.571875 0.4 0.5671875 0.3541666666666667 0.559375 0.36041666666666666
0 0.38125 0.2875 0.378125 0.3416666666666667 0.3875 0.3729166666666667 0.3828125 0.45625 0.3921875 0.5020833333333333 0.403125 0.5208333333333334 0.4359375 0.5333333333333333 0.46875 0.5333333333333333 0.5 0.5520833333333334 0.5453125 0.39375 0.553125 0.32916666666666666 0.55625 0.15833333333333333 0.5375 0.1375 0.4640625 0.13333333333333333 0.3984375 0.20625