2 0.6440625 0.7915625 0.159296875 0.34885416666666663
2 0.42507812500000003 0.6734583333333333 0.176078125 0.35841666666666666
2 0.8592812500000001 0.8006875 0.150890625 0.3318333333333333
2 0.624921875 0.49195833333333333 0.11715625 0.24250000000000002
4 0.6485624999999999 0.26147916666666665 0.11581250000000001 0.27710416666666665
2 0.45181250000000006 0.44258333333333333 0.12178125 0.17183333333333334
4 0.452359375 0.30745833333333333 0.128640625 0.232
0 0.092484375 0.16102083333333334 0.16893750000000002 0.18060416666666665
2 0.526859375 0.24935416666666665 0.07325000000000001 0.15235416666666665
3 0.796390625 0.26366666666666666 0.022468750000000003 0.040375
3 0.7373125 0.21875 0.01953125 0.033854166666666664