4 0.79909375 0.41581250000000003 0.1088125 0.2593958333333333
2 0.8445937499999999 0.6546458333333334 0.136859375 0.24575
4 0.1799375 0.667 0.34445312499999997 0.646375
4 0.6233125 0.6480416666666666 0.15146874999999999 0.5006875000000001
3 0.71759375 0.45537500000000003 0.028640624999999996 0.09460416666666666
3 0.2504375 0.16360416666666666 0.017953125 0.07302083333333333
0 0.2265625 0.3333333333333333 0.2265625 0.375 0.325 0.3958333333333333 0.3546875 0.425 0.3453125 0.75 0.35 0.7645833333333333 0.3765625 0.7645833333333333 0.4375 0.6125 0.4484375 0.6 0.4484375 0.5833333333333334 0.4609375 0.5583333333333333 0.4796875 0.4354166666666667 0.4875 0.2125 0.4390625 0.18958333333333333 0.3734375 0.18333333333333332 0.2703125 0.28958333333333336 0.2484375 0.30416666666666664
4 0.4609375 0.15833333333333333 0.4625 0.18958333333333333 0.4875 0.20416666666666666 0.4921875 0.21458333333333332 0.4890625 0.25416666666666665 0.525 0.26666666666666666 0.53125 0.3145833333333333 0.5390625 0.31875 0.5515625 0.2875 0.5734375 0.2604166666666667 0.5828125 0.19375 0.5828125 0.16458333333333333 0.5765625 0.14791666666666667 0.5796875 0.12291666666666666 0.5296875 0.08333333333333333 0.4953125 0.11666666666666667 0.4734375 0.12291666666666666
2 0.59375 0.3375 0.5890625 0.3625 0.5890625 0.375 0.596875 0.38333333333333336 0.59375 0.38958333333333334 0.665625 0.39375 0.6671875 0.32708333333333334 0.6578125 0.30625 0.6078125 0.2916666666666667
3 0.45625 0.01875 0.4625 0.027083333333333334 0.4578125 0.04583333333333333 0.45 0.04583333333333333 0.4484375 0.04375 0.4484375 0.03125 0.4515625 0.020833333333333332 0.4546875 0.01875
3 0.3140625 0.9 0.3234375 0.9083333333333333 0.3296875 0.90625 0.33125 0.9125 0.3390625 0.9104166666666667 0.3484375 0.9125 0.3578125 0.90625 0.375 0.90625 0.3796875 0.9125 0.3796875 0.9208333333333333 0.3765625 0.9270833333333334 0.3765625 0.94375 0.3734375 0.95 0.3734375 0.9583333333333334 0.36875 0.9729166666666667 0.36875 0.9791666666666666 0.3640625 0.9875 0.365625 0.99375 0.3546875 0.99375 0.3484375 0.9979166666666667 0.315625 0.9979166666666667 0.315625 0.9625 0.3203125 0.9520833333333333 0.3203125 0.9416666666666667 0.3125 0.93125 0.30625 0.90625 0.3078125 0.9 0.3125 0.9
3 0.425 0.041666666666666664 0.4296875 0.05625 0.4296875 0.07083333333333333 0.428125 0.08125 0.425 0.0875 0.4171875 0.0875 0.4171875 0.052083333333333336 0.41875 0.04583333333333333 0.4234375 0.041666666666666664
3 0.21875 0.22916666666666666 0.2234375 0.2375 0.225 0.26875 0.2203125 0.27708333333333335 0.2140625 0.28125 0.20625 0.28125 0.2015625 0.27708333333333335 0.2 0.2520833333333333 0.203125 0.24166666666666667 0.203125 0.22916666666666666 0.2046875 0.22708333333333333 0.2171875 0.22916666666666666
3 0.51875 0.01875 0.521875 0.01875 0.5234375 0.025 0.521875 0.05416666666666667 0.5140625 0.05625 0.5140625 0.0375 0.51875 0.020833333333333332
3 0.7203125 0.4125 0.7265625 0.41875 0.728125 0.4270833333333333 0.728125 0.4875 0.7265625 0.4979166666666667 0.7234375 0.5041666666666667 0.7140625 0.5145833333333333 0.70625 0.50625 0.703125 0.49375 0.7046875 0.4708333333333333 0.703125 0.46875 0.703125 0.44375 0.7 0.4354166666666667 0.7 0.425 0.70625 0.41458333333333336 0.7125 0.41041666666666665 0.71875 0.4125
3 0.4515625 0.8020833333333334 0.4609375 0.8229166666666666 0.4625 0.8333333333333334 0.459375 0.8375 0.4640625 0.8458333333333333 0.459375 0.8645833333333334 0.4546875 0.8729166666666667 0.4546875 0.8916666666666667 0.453125 0.89375 0.45625 0.9145833333333333 0.4546875 0.9229166666666667 0.45 0.9333333333333333 0.446875 0.9479166666666666 0.4421875 0.9520833333333333 0.4390625 0.95 0.434375 0.9354166666666667 0.428125 0.9270833333333334 0.4296875 0.9229166666666667 0.4265625 0.9166666666666666 0.428125 0.9104166666666667 0.4265625 0.9083333333333333 0.4265625 0.8958333333333334 0.4171875 0.8645833333333334 0.41875 0.8541666666666666 0.4171875 0.85 0.41875 0.8395833333333333 0.4171875 0.8375 0.41875 0.83125 0.4125 0.8208333333333333 0.409375 0.8208333333333333 0.40625 0.8166666666666667 0.40625 0.80625 0.409375 0.8020833333333334 0.4359375 0.8020833333333334 0.4375 0.8041666666666667 0.45 0.8020833333333334
3 0.178125 0.3375 0.1921875 0.3458333333333333 0.2 0.3645833333333333 0.2 0.36875 0.1921875 0.37083333333333335 0.190625 0.36875 0.175 0.36666666666666664 0.1734375 0.34375 0.1765625 0.33958333333333335
3 0.55 0.4125 0.553125 0.4166666666666667 0.553125 0.43125 0.55 0.4354166666666667 0.55 0.46458333333333335 0.5453125 0.47291666666666665 0.546875 0.4791666666666667 0.55 0.48333333333333334 0.553125 0.48333333333333334 0.55 0.4895833333333333 0.55 0.49375 0.553125 0.4979166666666667 0.553125 0.5041666666666667 0.5484375 0.5020833333333333 0.55 0.49375 0.5453125 0.49166666666666664 0.5390625 0.5145833333333333 0.5328125 0.5229166666666667 0.5296875 0.5208333333333334 0.5296875 0.5145833333333333 0.5234375 0.4979166666666667 0.525 0.49583333333333335 0.5234375 0.49166666666666664 0.525 0.47708333333333336 0.528125 0.46458333333333335 0.5265625 0.45625 0.528125 0.45416666666666666 0.528125 0.43333333333333335 0.5328125 0.425 0.5390625 0.4270833333333333 0.5453125 0.41458333333333336 0.5484375 0.4125
3 0.51484375 0.484375 0.0328125 0.08125
3 0.5671875 0.3770833333333333 0.5671875 0.38333333333333336 0.5703125 0.39166666666666666 0.56875 0.39375 0.56875 0.4083333333333333 0.565625 0.41458333333333336 0.5640625 0.425 0.565625 0.44166666666666665 0.5625 0.45 0.5640625 0.46041666666666664 0.5625 0.47291666666666665 0.559375 0.47291666666666665 0.553125 0.4666666666666667 0.5484375 0.4354166666666667 0.5453125 0.43125 0.5453125 0.38958333333333334 0.5484375 0.38333333333333336 0.559375 0.38333333333333336 0.565625 0.37916666666666665
3 0.846875 0.22708333333333333 0.85 0.23541666666666666 0.85 0.25416666666666665 0.846875 0.2625 0.84375 0.26458333333333334 0.83125 0.2604166666666667 0.8359375 0.24583333333333332 0.8375 0.22708333333333333 0.8390625 0.225 0.8453125 0.22708333333333333
3 0.14375 0.2791666666666667 0.1484375 0.27708333333333335 0.1546875 0.2791666666666667 0.1578125 0.2833333333333333 0.159375 0.28125 0.1640625 0.2833333333333333 0.165625 0.27708333333333335 0.16875 0.275 0.1734375 0.2916666666666667 0.1734375 0.3 0.1703125 0.30833333333333335 0.171875 0.3104166666666667 0.171875 0.32708333333333334 0.16875 0.34375 0.1640625 0.35 0.1546875 0.35625 0.146875 0.35625 0.1390625 0.3458333333333333 0.140625 0.3416666666666667 0.1390625 0.3333333333333333 0.140625 0.28958333333333336 0.14375 0.28125
3 0.9515625 0.7270833333333333 0.9625 0.7208333333333333 0.9671875 0.725 0.9640625 0.7333333333333333 0.965625 0.775 0.9625 0.7958333333333333 0.9640625 0.8 0.9625 0.825 0.95625 0.8416666666666667 0.95625 0.8604166666666667 0.953125 0.8645833333333334 0.94375 0.8625 0.9390625 0.8541666666666666 0.9375 0.8479166666666667 0.9375 0.81875 0.9359375 0.8166666666666667 0.9375 0.8145833333333333 0.9359375 0.8104166666666667 0.9375 0.8083333333333333 0.9375 0.7875 0.9390625 0.7854166666666667 0.940625 0.7395833333333334 0.9421875 0.7333333333333333 0.9515625 0.7291666666666666
3 0.3921875 0.1125 0.39375 0.12708333333333333 0.390625 0.14166666666666666 0.3828125 0.14375 0.378125 0.13958333333333334 0.378125 0.125 0.38125 0.11458333333333333 0.3828125 0.1125 0.390625 0.11458333333333333
3 0.9109375 0.33541666666666664 0.91875 0.34375 0.91875 0.3541666666666667 0.915625 0.3625 0.915625 0.36875 0.9078125 0.3854166666666667 0.90625 0.39375 0.8890625 0.39375 0.8859375 0.38958333333333334 0.884375 0.36666666666666664 0.8890625 0.3541666666666667 0.8953125 0.35 0.9 0.3416666666666667 0.909375 0.33541666666666664
3 0.2546875 0.25833333333333336 0.25625 0.2604166666666667 0.2703125 0.2604166666666667 0.2671875 0.26875 0.2703125 0.275 0.2703125 0.28125 0.259375 0.29375 0.253125 0.29583333333333334 0.2484375 0.27291666666666664 0.2484375 0.26458333333333334 0.253125 0.2604166666666667
3 0.259375 0.16458333333333333 0.2609375 0.18541666666666667 0.2578125 0.20208333333333334 0.253125 0.20625 0.24375 0.20625 0.2421875 0.20416666666666666 0.240625 0.17708333333333334 0.2453125 0.1625 0.25625 0.1625 0.2578125 0.16458333333333333
3 0.0578125 0.3770833333333333 0.0828125 0.38125 0.0875 0.39166666666666666 0.0859375 0.4083333333333333 0.0921875 0.4166666666666667 0.09375 0.425 0.084375 0.4395833333333333 0.0734375 0.44583333333333336 0.0671875 0.45416666666666666 0.059375 0.45416666666666666 0.0546875 0.44375 0.0546875 0.41875 0.053125 0.4166666666666667 0.053125 0.4083333333333333 0.05625 0.4 0.05625 0.38125 0.0578125 0.37916666666666665
3 0.9109375 0.4 0.91875 0.3958333333333333 0.9265625 0.3958333333333333 0.934375 0.40208333333333335 0.9359375 0.40625 0.934375 0.425 0.9390625 0.4395833333333333 0.9375 0.4583333333333333 0.9328125 0.46875 0.9265625 0.46875 0.9203125 0.4625 0.91875 0.46458333333333335 0.9109375 0.4625 0.9078125 0.4479166666666667 0.9078125 0.41875 0.9109375 0.4125 0.909375 0.4041666666666667 0.9109375 0.40208333333333335
3 0.821875 0.8666666666666667 0.8328125 0.8770833333333333 0.85 0.8875 0.8515625 0.8916666666666667 0.8609375 0.89375 0.865625 0.9 0.86875 0.9 0.8640625 0.90625 0.85625 0.925 0.85625 0.9395833333333333 0.8625 0.94375 0.865625 0.9583333333333334 0.865625 0.9708333333333333 0.8640625 0.9729166666666667 0.865625 0.9770833333333333 0.8625 0.9791666666666666 0.8609375 0.9875 0.865625 0.99375 0.8390625 0.99375 0.8375 0.9916666666666667 0.834375 0.99375 0.8296875 0.9791666666666666 0.8234375 0.9729166666666667 0.825 0.96875 0.828125 0.96875 0.83125 0.9645833333333333 0.8296875 0.9354166666666667 0.8265625 0.9229166666666667 0.8203125 0.9166666666666666 0.809375 0.8979166666666667 0.809375 0.8854166666666666 0.8140625 0.86875 0.8203125 0.8666666666666667
3 0.35625 0.15 0.359375 0.16458333333333333 0.3546875 0.18333333333333332 0.3515625 0.18333333333333332 0.3515625 0.17916666666666667 0.3484375 0.175 0.346875 0.16041666666666668 0.34375 0.15625 0.34375 0.15208333333333332 0.3546875 0.15
3 0.0390625 0.3770833333333333 0.046875 0.38333333333333336 0.046875 0.39791666666666664 0.0484375 0.4 0.046875 0.42083333333333334 0.0390625 0.42916666666666664 0.021875 0.4395833333333333 0.00625 0.4375 0.0015625 0.43125 0.0015625 0.4270833333333333 0.0125 0.41041666666666665 0.0125 0.39166666666666666 0.0109375 0.38958333333333334 0.0140625 0.37916666666666665 0.01875 0.3770833333333333 0.034375 0.37916666666666665 0.0375 0.3770833333333333
3 0.4 0.058333333333333334 0.403125 0.06041666666666667 0.4078125 0.07083333333333333 0.4078125 0.09166666666666666 0.4046875 0.10416666666666667 0.4015625 0.10833333333333334 0.396875 0.10833333333333334 0.39375 0.09791666666666667 0.3953125 0.09583333333333334 0.3953125 0.075 0.3984375 0.06041666666666667
3 0.4328125 0.15208333333333332 0.4328125 0.13958333333333334 0.4375 0.11666666666666667 0.4453125 0.11666666666666667 0.4484375 0.12916666666666668 0.4453125 0.15 0.4421875 0.15416666666666667 0.434375 0.15208333333333332
3 0.14375 0.29375 0.1453125 0.29583333333333334 0.1546875 0.29583333333333334 0.1609375 0.3020833333333333 0.1625 0.30833333333333335 0.1609375 0.3145833333333333 0.16875 0.32708333333333334 0.1703125 0.33541666666666664 0.16875 0.3416666666666667 0.1546875 0.35625 0.1421875 0.3541666666666667 0.1390625 0.34791666666666665 0.1390625 0.32083333333333336 0.1421875 0.3125 0.140625 0.30833333333333335 0.1421875 0.29583333333333334
3 0.3140625 0.16041666666666668 0.3125 0.18541666666666667 0.3109375 0.1875 0.3109375 0.20833333333333334 0.3078125 0.22291666666666668 0.303125 0.225 0.3 0.21875 0.303125 0.16458333333333333 0.30625 0.15833333333333333 0.3125 0.16041666666666668
3 0.08125 0.275 0.0984375 0.26666666666666666 0.0984375 0.3333333333333333 0.09375 0.3416666666666667 0.0875 0.33541666666666664 0.08125 0.31875 0.08125 0.3104166666666667 0.084375 0.30625 0.08125 0.29375 0.08125 0.27708333333333335
3 0.340625 0.2 0.34375 0.21041666666666667 0.334375 0.22083333333333333 0.33125 0.22083333333333333 0.33125 0.21041666666666667 0.334375 0.2 0.3359375 0.19791666666666666 0.3390625 0.2
3 0.615625 0.15416666666666667 0.61875 0.16041666666666668 0.61875 0.18333333333333332 0.6171875 0.19166666666666668 0.6125 0.19583333333333333 0.609375 0.19583333333333333 0.6046875 0.18958333333333333 0.6046875 0.16041666666666668 0.609375 0.15416666666666667 0.6140625 0.15416666666666667
3 0.525 0.525 0.5359375 0.53125 0.5359375 0.5375 0.53125 0.5416666666666666 0.5328125 0.5583333333333333 0.5265625 0.5666666666666667 0.5265625 0.5770833333333333 0.5296875 0.5791666666666667 0.5296875 0.5895833333333333 0.534375 0.5958333333333333 0.5328125 0.6 0.534375 0.6083333333333333 0.528125 0.6333333333333333 0.5140625 0.6333333333333333 0.5109375 0.6291666666666667 0.5109375 0.61875 0.5140625 0.60625 0.5125 0.5875 0.5171875 0.5645833333333333 0.5125 0.5583333333333333 0.5078125 0.5416666666666666 0.5125 0.53125 0.5171875 0.53125 0.5234375 0.5270833333333333
3 0.8640625 0.2875 0.01875 0.058333333333333334