1 0.331703125 0.5310833333333334 0.1424375 0.3228958333333333
2 0.532734375 0.28702083333333334 0.020765625 0.09079166666666666
2 0.5661875000000001 0.2708541666666667 0.014265625 0.06172916666666666
3 0.7390625 0.48541666666666666 0.7328125 0.5770833333333333 0.7375 0.7166666666666667 0.74375 0.7270833333333333 0.75625 0.7208333333333333 0.7828125 0.7375 0.7984375 0.7145833333333333 0.8140625 0.71875 0.83125 0.7291666666666666 0.8421875 0.7479166666666667 0.8671875 0.6604166666666667 0.8765625 0.4479166666666667 0.8609375 0.37916666666666665 0.853125 0.37083333333333335 0.8234375 0.375 0.81875 0.39375 0.809375 0.3958333333333333 0.7984375 0.38125 0.7796875 0.38125 0.76875 0.36875 0.7546875 0.36666666666666664
1 0.678125 0.2375 0.6890625 0.34791666666666665 0.7015625 0.35833333333333334 0.765625 0.35833333333333334 0.76875 0.31875 0.7640625 0.28541666666666665 0.7390625 0.20625 0.6875 0.19583333333333333
3 0.5984375 0.14166666666666666 0.59375 0.21666666666666667 0.5984375 0.25416666666666665 0.653125 0.2708333333333333 0.659375 0.25833333333333336 0.665625 0.18958333333333333 0.6640625 0.13333333333333333 0.628125 0.13125 0.6125 0.11875 0.6046875 0.12291666666666666
2 0.5515625 0.575 0.5484375 0.6208333333333333 0.5578125 0.7020833333333333 0.5671875 0.7125 0.584375 0.6708333333333333 0.590625 0.6354166666666666 0.5828125 0.5770833333333333 0.5671875 0.5625
2 0.490625 0.4166666666666667 0.4890625 0.5229166666666667 0.5 0.5458333333333333 0.5171875 0.5208333333333334 0.528125 0.43333333333333335 0.521875 0.4 0.5140625 0.39166666666666666 0.496875 0.39791666666666664
2 0.434375 0.2520833333333333 0.43125 0.26875 0.4171875 0.2833333333333333 0.4234375 0.32916666666666666 0.4171875 0.35208333333333336 0.4265625 0.375 0.4421875 0.3645833333333333 0.4515625 0.28958333333333336 0.44375 0.25416666666666665
2 0.921875 0.88125 0.921875 0.9458333333333333 0.946875 0.9541666666666667 0.953125 0.9770833333333333 0.975 0.89375 0.98125 0.8395833333333333 0.9671875 0.7333333333333333 0.9578125 0.725 0.9484375 0.7291666666666666 0.946875 0.7520833333333333 0.934375 0.7791666666666667 0.93125 0.8541666666666666
2 0.840625 0.29375 0.8390625 0.32916666666666666 0.859375 0.35625 0.865625 0.34375 0.8640625 0.3 0.8453125 0.27708333333333335
2 0.7609375 0.21666666666666667 0.7671875 0.26458333333333334 0.771875 0.275 0.7796875 0.27291666666666664 0.78125 0.23125
2 0.8046875 0.3333333333333333 0.7953125 0.38333333333333336 0.803125 0.3958333333333333 0.815625 0.3958333333333333 0.8265625 0.375 0.8171875 0.3375
2 0.7625 0.16666666666666666 0.765625 0.19583333333333333 0.7828125 0.21041666666666667 0.7828125 0.17291666666666666
2 0.740625 0.18333333333333332 0.740625 0.20208333333333334 0.7484375 0.20416666666666666 0.75 0.18958333333333333
2 0.5515625 0.19375 0.5484375 0.2125 0.553125 0.22916666666666666 0.5609375 0.19791666666666666
2 0.528125 0.16458333333333333 0.5265625 0.20833333333333334 0.5296875 0.21875 0.5359375 0.21875 0.5390625 0.16666666666666666 0.5359375 0.15833333333333333
