1 0.457796875 0.31018749999999995 0.097390625 0.18666666666666665
1 0.27259375 0.74675 0.1835 0.409375
3 0.76015625 0.2764583333333333 0.064453125 0.14547916666666666
1 0.774859375 0.43975000000000003 0.10134375 0.22056250000000002
3 0.63596875 0.2955 0.10128124999999999 0.20785416666666665
1 0.517859375 0.21660416666666665 0.063171875 0.1086875
2 0.84534375 0.4893958333333333 0.02321875 0.0803125
2 0.407625 0.4484583333333333 0.026203125 0.08439583333333332
3 0.62065625 0.54125 0.12890625 0.29772916666666666
2 0.48440625 0.5468541666666666 0.027609375000000002 0.112875
2 0.88046875 0.52425 0.0226875 0.07966666666666668
0 0.15975 0.20445833333333333 0.126140625 0.141625
2 0.8203125 0.8086041666666667 0.05078125 0.12760416666666666
2 0.79834375 0.6640625 0.032234374999999996 0.11458333333333333
2 0.8667031250000001 0.7578125 0.026375 0.09375
2 0.923828125 0.7714791666666667 0.02734375 0.09245833333333334
2 0.9692343749999999 0.7246041666666667 0.028328125 0.08464583333333334
2 0.92871875 0.59375 0.02734375 0.08333333333333333
2 0.9453125 0.5494791666666666 0.025390625 0.06770833333333333
2 0.9404375 0.9557291666666666 0.0546875 0.0703125
2 0.390625 0.93425 0.044921875 0.10287500000000001
2 0.36475 0.5143333333333333 0.040046874999999996 0.08072916666666667
2 0.88671875 0.44987499999999997 0.015625 0.035166666666666666
2 0.844734375 0.3776041666666667 0.0078125 0.041666666666666664
1 0.87403125 0.33137500000000003 0.0546875 0.14714583333333334
