1 0.419625 0.4709583333333333 0.135515625 0.23729166666666668
1 0.7793281249999999 0.5233125 0.090234375 0.17135416666666667
1 0.28300000000000003 0.7098125 0.203609375 0.38908333333333334
1 0.7474999999999999 0.330625 0.060375 0.122125
1 0.6239375 0.6792083333333333 0.12268749999999999 0.3510625
1 0.834234375 0.7995416666666666 0.136625 0.34720833333333334
1 0.649421875 0.3545833333333333 0.08201562500000001 0.16083333333333333
1 0.63478125 0.45366666666666666 0.0819375 0.13145833333333334
1 0.07270312500000001 0.40820833333333334 0.145390625 0.20577083333333332
2 0.799109375 0.3719166666666667 0.01996875 0.059520833333333335
2 0.930625 0.7857291666666666 0.050046875000000005 0.1331875
2 0.10010937499999999 0.9520416666666667 0.06625 0.08735416666666666
2 0.8712500000000001 0.35231250000000003 0.020328125 0.04635416666666667
2 0.936859375 0.675625 0.033953125 0.08666666666666667
2 0.88275 0.5606041666666666 0.019546875 0.09025
2 0.7890625 0.3333333333333333 0.7921875 0.33541666666666664 0.8046875 0.33125 0.8109375 0.3333333333333333 0.8125 0.33958333333333335 0.809375 0.35833333333333334 0.8109375 0.36041666666666666 0.8125 0.39166666666666666 0.8140625 0.39375 0.8140625 0.4 0.809375 0.4041666666666667 0.796875 0.40625 0.790625 0.4 0.7890625 0.39375 0.790625 0.35 0.7875 0.3416666666666667 0.7890625 0.33541666666666664
2 0.8484375 0.43333333333333335 0.8546875 0.4354166666666667 0.85625 0.44375 0.8515625 0.4625 0.853125 0.47291666666666665 0.8515625 0.47708333333333336 0.8515625 0.49583333333333335 0.8453125 0.5041666666666667 0.840625 0.5229166666666667 0.8359375 0.5229166666666667 0.83125 0.5104166666666666 0.8328125 0.44166666666666665 0.8359375 0.43333333333333335 0.846875 0.43333333333333335
2 0.52578125 0.025 0.0171875 0.025
2 0.7234375 0.47291666666666665 0.7203125 0.4666666666666667 0.7203125 0.44583333333333336 0.71875 0.44166666666666665 0.721875 0.43125 0.721875 0.39791666666666664 0.725 0.38125 0.7265625 0.37916666666666665 0.7375 0.37916666666666665 0.740625 0.39375 0.740625 0.4270833333333333 0.7375 0.4395833333333333 0.7375 0.45 0.728125 0.46875 0.725 0.4708333333333333
2 0.85625 0.38958333333333334 0.8546875 0.3854166666666667 0.8546875 0.3458333333333333 0.85625 0.34375 0.8546875 0.28958333333333336 0.859375 0.28125 0.8671875 0.27708333333333335 0.8734375 0.2833333333333333 0.8765625 0.29375 0.8765625 0.3375 0.8734375 0.3416666666666667 0.8703125 0.38125 0.865625 0.3875 0.8578125 0.38958333333333334
2 0.9984375 0.8770833333333333 0.9984375 0.9958333333333333 0.9953125 0.9979166666666667 0.9578125 0.9979166666666667 0.9578125 0.9895833333333334 0.9609375 0.9833333333333333 0.9625 0.9729166666666667 0.9625 0.9333333333333333 0.9703125 0.9104166666666667 0.96875 0.8729166666666667 0.975 0.8604166666666667 0.9796875 0.8604166666666667 0.9828125 0.8708333333333333 0.9875 0.8770833333333333 0.996875 0.8770833333333333
2 0.5453125 0.06458333333333334 0.55625 0.07916666666666666 0.55625 0.0875 0.5421875 0.08958333333333333 0.540625 0.07708333333333334 0.54375 0.06666666666666667
2 0.865625 0.3229166666666667 0.8734375 0.32708333333333334 0.8703125 0.38125 0.8640625 0.38958333333333334 0.8578125 0.39166666666666666 0.8546875 0.3854166666666667 0.853125 0.375 0.85625 0.35625 0.8546875 0.35208333333333336 0.85625 0.3333333333333333 0.8609375 0.325 0.8640625 0.325
2 0.934375 0.6739583333333333 0.053125 0.08958333333333333
2 0.4203125 0.07916666666666666 0.428125 0.07916666666666666 0.4328125 0.08333333333333333 0.4328125 0.1 0.428125 0.1125 0.421875 0.1125 0.4171875 0.10416666666666667 0.4171875 0.0875 0.4203125 0.08125
2 0.1265625 0.9583333333333334 0.1375 0.9583333333333334 0.14375 0.96875 0.14375 0.9875 0.140625 0.9979166666666667 0.065625 0.9979166666666667 0.0671875 0.9916666666666667 0.071875 0.9958333333333333 0.0796875 0.9833333333333333 0.0875 0.9791666666666666 0.115625 0.9770833333333333 0.11875 0.98125 0.125 0.9833333333333333 0.1296875 0.9770833333333333 0.1296875 0.96875 0.1265625 0.9604166666666667
2 0.884375 0.5125 0.8921875 0.5270833333333333 0.89375 0.5416666666666666 0.890625 0.5458333333333333 0.8890625 0.5958333333333333 0.8828125 0.6083333333333333 0.8828125 0.625 0.8796875 0.6333333333333333 0.8765625 0.63125 0.8671875 0.6104166666666667 0.8609375 0.5770833333333333 0.8640625 0.56875 0.8640625 0.5604166666666667 0.86875 0.55 0.8671875 0.525 0.8703125 0.5125 0.878125 0.5083333333333333 0.8828125 0.5125
2 0.5875 0.32916666666666666 0.590625 0.3375 0.5921875 0.36041666666666666 0.5953125 0.36875 0.5953125 0.39375 0.590625 0.425 0.58125 0.44166666666666665 0.58125 0.45625 0.5765625 0.4791666666666667 0.571875 0.47291666666666665 0.56875 0.45416666666666666 0.56875 0.42083333333333334 0.5703125 0.41875 0.5703125 0.3854166666666667 0.56875 0.38333333333333336 0.5703125 0.36875 0.56875 0.3645833333333333 0.5703125 0.3541666666666667 0.575 0.34375 0.575 0.3375 0.5859375 0.32916666666666666
2 0.4671875 0.24791666666666667 0.4703125 0.25 0.471875 0.25625 0.471875 0.2875 0.4734375 0.28958333333333336 0.4625 0.3145833333333333 0.459375 0.3145833333333333 0.4578125 0.30416666666666664 0.459375 0.3 0.4578125 0.29583333333333334 0.459375 0.28958333333333336 0.459375 0.25416666666666665 0.465625 0.24791666666666667
2 0.8421875 0.23958333333333334 0.8484375 0.24375 0.85 0.2708333333333333 0.8453125 0.29583333333333334 0.8390625 0.3 0.834375 0.29791666666666666 0.8296875 0.27291666666666664 0.83125 0.2708333333333333 0.83125 0.24583333333333332 0.8328125 0.24166666666666667 0.840625 0.23958333333333334
2 0.9171875 0.7229166666666667 0.91875 0.7229166666666667 0.91875 0.73125 0.9234375 0.7375 0.9234375 0.7416666666666667 0.93125 0.7520833333333333 0.9421875 0.7458333333333333 0.9484375 0.7458333333333333 0.9515625 0.7541666666666667 0.95625 0.7541666666666667 0.965625 0.7333333333333333 0.9734375 0.7333333333333333 0.975 0.7354166666666667 0.9640625 0.75 0.9703125 0.7645833333333333 0.9703125 0.7708333333333334 0.959375 0.775 0.959375 0.8020833333333334 0.9609375 0.80625 0.959375 0.8125 0.9515625 0.825 0.953125 0.8458333333333333 0.9546875 0.8479166666666667 0.9515625 0.8770833333333333 0.946875 0.8833333333333333 0.946875 0.8895833333333333 0.9421875 0.8958333333333334 0.9421875 0.9083333333333333 0.9390625 0.9229166666666667 0.9328125 0.9333333333333333 0.9265625 0.9354166666666667 0.921875 0.9270833333333334 0.9234375 0.925 0.921875 0.9229166666666667 0.9234375 0.8645833333333334 0.915625 0.8458333333333333 0.9171875 0.8416666666666667 0.915625 0.8375 0.9171875 0.8354166666666667 0.915625 0.83125 0.9171875 0.8208333333333333 0.915625 0.7666666666666667 0.9109375 0.7520833333333333 0.9109375 0.7458333333333333 0.9140625 0.7416666666666667 0.9171875 0.725
2 0.578125 0.3125 0.5875 0.31666666666666665 0.5875 0.32916666666666666 0.58125 0.3333333333333333 0.575 0.34791666666666665 0.575 0.35208333333333336 0.5703125 0.35833333333333334 0.565625 0.35208333333333336 0.5640625 0.32083333333333336 0.565625 0.31666666666666665 0.571875 0.3125 0.5765625 0.3125
2 0.225 0.10833333333333334 0.23125 0.11666666666666667 0.23125 0.14166666666666666 0.21875 0.15208333333333332 0.203125 0.14791666666666667 0.2015625 0.12708333333333333 0.2046875 0.1125 0.2109375 0.10625 0.2171875 0.10416666666666667 0.2234375 0.10833333333333334
2 0.4203125 0.7083333333333334 0.428125 0.7125 0.4359375 0.7125 0.440625 0.7083333333333334 0.45 0.70625 0.45625 0.7104166666666667 0.465625 0.725 0.46875 0.7354166666666667 0.46875 0.74375 0.4765625 0.7625 0.4765625 0.7854166666666667 0.475 0.7875 0.475 0.8083333333333333 0.471875 0.8208333333333333 0.471875 0.83125 0.4625 0.85 0.45625 0.86875 0.44375 0.8875 0.4421875 0.8958333333333334 0.4375 0.9020833333333333 0.428125 0.9 0.4296875 0.8958333333333334 0.428125 0.89375 0.4296875 0.8833333333333333 0.428125 0.8645833333333334 0.4296875 0.8625 0.4265625 0.8541666666666666 0.425 0.8375 0.4203125 0.825 0.4203125 0.8083333333333333 0.421875 0.80625 0.421875 0.7604166666666666 0.425 0.74375 0.4296875 0.7354166666666667 0.4296875 0.73125 0.4203125 0.7208333333333333 0.4203125 0.7104166666666667
2 0.534375 0.4354166666666667 0.5359375 0.4375 0.546875 0.4375 0.5546875 0.44166666666666665 0.55625 0.44583333333333336 0.553125 0.45208333333333334 0.5546875 0.45416666666666666 0.553125 0.48125 0.55625 0.4979166666666667 0.55625 0.5291666666666667 0.5515625 0.5354166666666667 0.54375 0.5354166666666667 0.534375 0.55 0.5296875 0.55 0.525 0.54375 0.51875 0.5270833333333333 0.5203125 0.5229166666666667 0.521875 0.45416666666666666 0.5265625 0.4375 0.5328125 0.4354166666666667
