0 0.41792187500000005 0.65825 0.189109375 0.4295833333333333
0 0.463078125 0.2937083333333333 0.11854687500000001 0.21377083333333333
2 0.20235937499999998 0.8977708333333333 0.067453125 0.19754166666666664
3 0.676921875 0.6126874999999999 0.150859375 0.5675416666666667
2 0.09331249999999999 0.9139166666666667 0.1109375 0.17214583333333333
1 0.673546875 0.2939375 0.079671875 0.1009375
2 0.8908125 0.6633958333333333 0.05571875 0.11581250000000001
2 0.8142343750000001 0.4947708333333333 0.0381875 0.07216666666666667
2 0.836328125 0.4366041666666666 0.035015625 0.04972916666666667
2 0.8090468749999999 0.909 0.0578125 0.12122916666666667
2 0.931 0.9103541666666667 0.046015625 0.10222916666666666
2 0.131515625 0.8041874999999999 0.059453124999999996 0.07677083333333333
