1 0.4390625 0.40341666666666665 0.1013125 0.22668750000000001
1 0.109359375 0.856375 0.218703125 0.27887500000000004
1 0.28665625 0.5937708333333334 0.179046875 0.2881666666666666
1 0.490796875 0.2795625 0.07415625 0.1655625
2 0.7546875 0.15625 0.7609375 0.16458333333333333 0.759375 0.19166666666666668 0.7546875 0.19791666666666666 0.75 0.19166666666666668 0.75 0.16041666666666668 0.753125 0.15833333333333333
2 0.703125 0.27291666666666664 0.7046875 0.275 0.715625 0.275 0.715625 0.2833333333333333 0.709375 0.29583333333333334 0.70625 0.3145833333333333 0.6984375 0.325 0.6953125 0.3229166666666667 0.6921875 0.3125 0.6921875 0.275 0.6953125 0.2708333333333333 0.7015625 0.27291666666666664
2 0.6109375 0.13958333333333334 0.6125 0.14166666666666666 0.6125 0.16666666666666666 0.609375 0.175 0.6015625 0.175 0.6 0.17083333333333334 0.6 0.14166666666666666 0.60625 0.1375 0.609375 0.13958333333333334
1 0.5765625 0.41875 0.5640625 0.48125 0.55 0.4895833333333333 0.559375 0.53125 0.5515625 0.6125 0.5546875 0.6375 0.5640625 0.64375 0.584375 0.6354166666666666 0.6078125 0.6375 0.659375 0.6645833333333333 0.671875 0.6 0.6703125 0.5729166666666666 0.684375 0.5208333333333334 0.675 0.5 0.6734375 0.4354166666666667 0.6203125 0.41875
1 0.6953125 0.35833333333333334 0.69375 0.4 0.709375 0.4583333333333333 0.746875 0.45625 0.7765625 0.475 0.784375 0.47291666666666665 0.790625 0.4395833333333333 0.7859375 0.3875 0.7921875 0.3645833333333333 0.7625 0.2916666666666667 0.734375 0.27708333333333335 0.7203125 0.28125 0.7 0.32708333333333334
1 0.7734375 0.22916666666666666 0.7703125 0.28125 0.7796875 0.31875 0.8359375 0.32916666666666666 0.8359375 0.26875 0.821875 0.22708333333333333 0.8109375 0.21666666666666667 0.784375 0.2125
1 0.5296875 0.16666666666666666 0.5265625 0.22083333333333333 0.53125 0.2375 0.575 0.25 0.584375 0.20416666666666666 0.584375 0.14166666666666666 0.5515625 0.13333333333333333 0.5421875 0.13958333333333334
3 0.6390625 0.16666666666666666 0.6390625 0.25 0.6640625 0.24583333333333332 0.6859375 0.25625 0.69375 0.23333333333333334 0.69375 0.1625 0.65625 0.15416666666666667 0.6421875 0.15833333333333333
0 0.5359375 0.03958333333333333 0.525 0.052083333333333336 0.528125 0.15833333333333333 0.5359375 0.15625 0.5421875 0.1375 0.5515625 0.13125 0.578125 0.1375 0.5859375 0.15 0.5875 0.041666666666666664 0.58125 0.035416666666666666