2 0.780671875 0.33197916666666666 0.07528125 0.16895833333333332
4 0.668015625 0.21277083333333333 0.07315625 0.17325
2 0.41017187499999996 0.7917500000000001 0.193890625 0.39770833333333333
2 0.675828125 0.41631250000000003 0.0936875 0.21027083333333335
3 0.5514218750000001 0.7052499999999999 0.05 0.13475
3 0.6021875 0.5737083333333334 0.036703124999999996 0.10852083333333334
3 0.5222187500000001 0.4975 0.022218750000000002 0.07591666666666666
0 0.40525 0.34620833333333334 0.17935937500000002 0.4641458333333333
3 0.8453125 0.86875 0.84375 0.9020833333333333 0.8578125 0.99375 0.865625 0.9854166666666667 0.8859375 0.8895833333333333 0.8828125 0.83125 0.871875 0.8 0.85625 0.8041666666666667 0.8546875 0.8395833333333333
3 0.4734375 0.5916666666666667 0.471875 0.6270833333333333 0.4859375 0.6395833333333333 0.5015625 0.6833333333333333 0.5078125 0.6833333333333333 0.5046875 0.59375 0.5015625 0.5875
3 0.2 0.7083333333333334 0.2046875 0.8416666666666667 0.2125 0.8479166666666667 0.2296875 0.8 0.2453125 0.7958333333333333 0.234375 0.7145833333333333 0.25 0.6958333333333333 0.2546875 0.7 0.25625 0.6916666666666667 0.2125 0.6791666666666667 0.203125 0.6895833333333333
4 0.5109375 0.15 0.5078125 0.24375 0.5546875 0.2604166666666667 0.5671875 0.21041666666666667 0.56875 0.14791666666666667 0.55 0.12083333333333333 0.5375 0.11875 0.515625 0.13541666666666666