1 0.60421875 0.3861041666666667 0.08562499999999999 0.21570833333333334
2 0.819421875 0.6395 0.0318125 0.10400000000000001
1 0.373484375 0.49247916666666663 0.134515625 0.25533333333333336
2 0.224625 0.7968541666666666 0.068203125 0.15310416666666665
2 0.387296875 0.6650208333333333 0.032968750000000005 0.091
1 0.5567031250000001 0.6731874999999999 0.127140625 0.29287500000000005
2 0.8724375 0.7260000000000001 0.03534375 0.122875
3 0.7078125 0.17083333333333334 0.6984375 0.2708333333333333 0.6984375 0.3541666666666667 0.7046875 0.37083333333333335 0.70625 0.42083333333333334 0.790625 0.44583333333333336 0.7984375 0.4375 0.809375 0.3958333333333333 0.8171875 0.3 0.8171875 0.26458333333333334 0.7984375 0.16041666666666668 0.790625 0.14583333333333334 0.746875 0.12083333333333333 0.7265625 0.13333333333333333
2 0.834375 0.33958333333333335 0.8296875 0.33541666666666664 0.8265625 0.31875 0.8265625 0.2916666666666667 0.828125 0.28541666666666665 0.8296875 0.2833333333333333 0.8375 0.2833333333333333 0.8421875 0.28958333333333336 0.840625 0.32916666666666666 0.8359375 0.3375
2 0.7859375 0.75625 0.790625 0.7604166666666666 0.7984375 0.7604166666666666 0.8203125 0.7895833333333333 0.8234375 0.7979166666666667 0.8234375 0.8166666666666667 0.81875 0.83125 0.81875 0.8479166666666667 0.8171875 0.85 0.81875 0.8645833333333334 0.815625 0.875 0.80625 0.8895833333333333 0.803125 0.8875 0.8015625 0.88125 0.8015625 0.8520833333333333 0.8 0.8458333333333333 0.79375 0.8395833333333333 0.7890625 0.8395833333333333 0.778125 0.825 0.7765625 0.8166666666666667 0.775 0.7895833333333333 0.771875 0.7833333333333333 0.7703125 0.7666666666666667 0.771875 0.7604166666666666 0.7765625 0.75625 0.784375 0.75625
2 0.7375 0.925 0.7390625 0.9270833333333334 0.765625 0.9291666666666667 0.784375 0.9458333333333333 0.7828125 0.9541666666666667 0.7859375 0.9604166666666667 0.7875 0.9791666666666666 0.7859375 0.98125 0.7859375 0.99375 0.7828125 0.9979166666666667 0.7203125 0.9979166666666667 0.71875 0.9958333333333333 0.7171875 0.9666666666666667 0.71875 0.9645833333333333 0.7203125 0.9354166666666667 0.7234375 0.9270833333333334 0.7359375 0.925
2 0.8171875 0.58125 0.834375 0.5875 0.8390625 0.5958333333333333 0.834375 0.6041666666666666 0.8328125 0.63125 0.83125 0.6333333333333333 0.834375 0.675 0.83125 0.675 0.828125 0.6791666666666667 0.8265625 0.6875 0.8234375 0.6916666666666667 0.8203125 0.6916666666666667 0.8140625 0.6854166666666667 0.809375 0.675 0.80625 0.6583333333333333 0.7984375 0.6520833333333333 0.8 0.6145833333333334 0.803125 0.5979166666666667 0.8 0.5875 0.8046875 0.5833333333333334 0.815625 0.58125
2 0.5765625 0.15625 0.5828125 0.15625 0.5875 0.1625 0.590625 0.18125 0.5875 0.19375 0.58125 0.20416666666666666 0.5734375 0.20208333333333334 0.5765625 0.18333333333333332 0.5765625 0.17291666666666666 0.575 0.17083333333333334 0.5765625 0.15833333333333333
2 0.309375 0.15625 0.3109375 0.15833333333333333 0.3109375 0.20625 0.30625 0.21041666666666667 0.2984375 0.20625 0.2921875 0.19583333333333333 0.2921875 0.18958333333333333 0.29375 0.1875 0.29375 0.17291666666666666 0.3078125 0.15625
2 0.1 0.8395833333333333 0.1140625 0.8583333333333333 0.1140625 0.8625 0.109375 0.8666666666666667 0.1109375 0.8729166666666667 0.109375 0.9041666666666667 0.115625 0.9208333333333333 0.125 0.9333333333333333 0.1234375 0.9395833333333333 0.1234375 0.9729166666666667 0.125 0.9770833333333333 0.121875 0.9916666666666667 0.11875 0.9958333333333333 0.103125 0.9958333333333333 0.0953125 0.9916666666666667 0.0703125 0.99375 0.0625 0.9833333333333333 0.065625 0.9791666666666666 0.0578125 0.9729166666666667 0.059375 0.9708333333333333 0.0578125 0.9604166666666667 0.0609375 0.9520833333333333 0.053125 0.9416666666666667 0.053125 0.9375 0.05 0.9333333333333333 0.05 0.9229166666666667 0.0578125 0.9 0.0609375 0.8833333333333333 0.0609375 0.8458333333333333 0.0625 0.8395833333333333 0.0640625 0.8375 0.0703125 0.8395833333333333 0.0984375 0.8395833333333333
2 0.4625 0.53125 0.46875 0.5375 0.4765625 0.5333333333333333 0.4859375 0.5375 0.4953125 0.5583333333333333 0.4953125 0.5645833333333333 0.4984375 0.5666666666666667 0.490625 0.6458333333333334 0.484375 0.65625 0.48125 0.675 0.4765625 0.6770833333333334 0.4734375 0.6854166666666667 0.46875 0.6875 0.4578125 0.6583333333333333 0.459375 0.6145833333333334 0.4609375 0.6125 0.459375 0.58125 0.4609375 0.5791666666666667 0.4609375 0.5666666666666667 0.465625 0.5541666666666667 0.4640625 0.5479166666666667 0.459375 0.54375 0.459375 0.5333333333333333 0.4609375 0.5333333333333333
2 0.8484375 0.74375 0.853125 0.74375 0.875 0.7604166666666666 0.8828125 0.7604166666666666 0.884375 0.7583333333333333 0.896875 0.7604166666666666 0.890625 0.7708333333333334 0.8921875 0.7770833333333333 0.8875 0.7895833333333333 0.8921875 0.8145833333333333 0.890625 0.8375 0.8875 0.8520833333333333 0.878125 0.875 0.8765625 0.8979166666666667 0.8734375 0.9 0.8703125 0.8916666666666667 0.8703125 0.8854166666666666 0.8609375 0.8645833333333334 0.8609375 0.83125 0.8484375 0.8083333333333333 0.8484375 0.7895833333333333 0.85 0.7875 0.8484375 0.7458333333333333
2 0.4046875 0.6979166666666666 0.4109375 0.70625 0.4140625 0.7270833333333333 0.425 0.7541666666666667 0.43125 0.7791666666666667 0.43125 0.7958333333333333 0.428125 0.8145833333333333 0.4171875 0.8479166666666667 0.41875 0.85 0.4171875 0.86875 0.4203125 0.8854166666666666 0.4203125 0.8958333333333334 0.41875 0.8979166666666667 0.4203125 0.9208333333333333 0.4015625 0.8979166666666667 0.3984375 0.8729166666666667 0.3953125 0.8666666666666667 0.390625 0.8645833333333334 0.3875 0.8583333333333333 0.3796875 0.8541666666666666 0.375 0.85625 0.365625 0.8520833333333333 0.3703125 0.8416666666666667 0.3703125 0.83125 0.359375 0.8145833333333333 0.3578125 0.8041666666666667 0.3515625 0.7958333333333333 0.3578125 0.79375 0.3609375 0.7895833333333333 0.3640625 0.76875 0.36875 0.7583333333333333 0.371875 0.74375 0.378125 0.7333333333333333 0.3828125 0.7145833333333333 0.390625 0.7104166666666667 0.39375 0.7041666666666667 0.403125 0.6979166666666666
3 0.4078125 0.2875 0.40625 0.3 0.4125 0.3020833333333333 0.4171875 0.3333333333333333 0.415625 0.35833333333333334 0.428125 0.36666666666666664 0.4453125 0.39791666666666664 0.46875 0.40208333333333335 0.49375 0.41875 0.50625 0.38333333333333336 0.521875 0.36666666666666664 0.5296875 0.33125 0.5390625 0.2791666666666667 0.540625 0.16666666666666666 0.490625 0.16041666666666668 0.46875 0.17291666666666666 0.459375 0.1625 0.45625 0.13958333333333334 0.428125 0.17708333333333334 0.4234375 0.26666666666666666
