3 0.6154843750000001 0.5995 0.17771874999999998 0.5622916666666666
1 0.318015625 0.6396458333333332 0.16371875 0.3794583333333333
1 0.46401562500000004 0.24960416666666668 0.067 0.10441666666666666
0 0.571875 0.091625 0.067859375 0.1795
1 0.810734375 0.204125 0.055671875 0.10095833333333333
1 0.540734375 0.2544375 0.06476562500000001 0.121375
1 0.75934375 0.36914583333333334 0.07475000000000001 0.156
1 0.3339375 0.21347916666666666 0.09515625 0.145625
1 0.8728281250000001 0.7272083333333333 0.157734375 0.40431249999999996
3 0.6526562499999999 0.213625 0.104671875 0.283875
2 0.8650625 0.4454166666666667 0.01996875 0.0589375
3 0.748953125 0.25079166666666663 0.07664062499999999 0.17108333333333334
2 0.474703125 0.6492916666666667 0.034140625 0.12872916666666667
1 0.7897031250000001 0.4778125 0.10400000000000001 0.19233333333333333
