2 0.7747499999999999 0.43520833333333336 0.10323437499999999 0.19568750000000001
2 0.819375 0.71375 0.1383125 0.36985416666666665
2 0.81115625 0.23260416666666667 0.054140625 0.1119375
3 0.974234375 0.9392916666666667 0.051515624999999995 0.109375
4 0.318578125 0.52 0.24626562500000002 0.6401249999999999
2 0.5276875000000001 0.5126041666666666 0.11560937499999999 0.28239583333333335
2 0.65234375 0.4257916666666667 0.08203125 0.18229166666666666
3 0.8872031249999999 0.5586041666666667 0.024421875000000003 0.0703125
3 0.9702187500000001 0.5598958333333334 0.024421875000000003 0.06770833333333333
3 0.912109375 0.515625 0.021484375 0.059895833333333336
3 0.9399374999999999 0.46549999999999997 0.016609375000000003 0.058604166666666666
3 0.9516562499999999 0.8261666666666667 0.024421875000000003 0.08464583333333334
3 0.849609375 0.4726666666666667 0.025390625 0.06510416666666667
3 0.825203125 0.39779166666666665 0.01171875 0.040375
3 0.8686562500000001 0.4010416666666667 0.012703125000000001 0.041666666666666664
2 0.73340625 0.23697916666666666 0.072265625 0.08072916666666667
3 0.583015625 0.40039583333333334 0.0234375 0.058604166666666666
3 0.525875 0.36002083333333335 0.020515625000000003 0.04558333333333333
3 0.599609375 0.2526041666666667 0.01953125 0.044270833333333336
3 0.71728125 0.38085416666666666 0.012703125000000001 0.0481875
3 0.875984375 0.3346458333333333 0.009765625 0.036458333333333336
2 0.457515625 0.3815208333333333 0.036125000000000004 0.16145833333333334
2 0.557125 0.3580833333333333 0.01075 0.0390625
3 0.74365625 0.33008333333333334 0.014656250000000001 0.035166666666666666
2 0.5859375 0.7389375 0.13671875 0.3685
2 0.48584375 0.28450000000000003 0.057625 0.15235416666666665
2 0.49853125 0.181 0.06739062500000001 0.10416666666666667
2 0.570796875 0.17447916666666666 0.043953124999999996 0.11197916666666667