3 0.38984375 0.45666666666666667 0.29289062499999996 0.6358541666666666
3 0.6126406249999999 0.5539791666666667 0.1579375 0.47683333333333333
1 0.803875 0.7341458333333333 0.14296875 0.407875
2 0.81975 0.45252083333333337 0.017578125 0.05427083333333334
1 0.664859375 0.25302083333333336 0.05428125 0.10858333333333332
2 0.8355312500000001 0.3862291666666666 0.032109375 0.080125
1 0.5583125 0.9192708333333334 0.196 0.16145833333333334
3 0.751953125 0.3346458333333333 0.076171875 0.203125
2 0.857421875 0.49804166666666666 0.01953125 0.06641666666666667
2 0.9296875 0.5364583333333334 0.01953125 0.07291666666666667
2 0.970703125 0.6386666666666667 0.037109375 0.08464583333333334
2 0.927734375 0.7102916666666667 0.025390625 0.09766666666666667
2 0.966796875 0.8255208333333334 0.0234375 0.078125
2 0.8872031249999999 0.43164583333333334 0.016609375000000003 0.08204166666666667
2 0.86328125 0.34570833333333334 0.015625 0.04558333333333333
1 0.653625 0.16904166666666667 0.03571875 0.049979166666666665
0 0.660953125 0.22568749999999999 0.06209375 0.16327083333333334
2 0.732421875 0.5729166666666666 0.02734375 0.0703125
