1 0.296 0.7375 0.189921875 0.3623958333333333
1 0.40737500000000004 0.47075 0.13087500000000002 0.2824375
3 0.605921875 0.623125 0.19632812500000002 0.7336666666666667
2 0.12375 0.7731041666666666 0.053578125 0.12452083333333334
2 0.8344843750000001 0.5165833333333334 0.02096875 0.0605
2 0.7875 0.5170833333333333 0.024578125 0.08241666666666667
2 0.930328125 0.66 0.030953124999999998 0.04741666666666667
2 0.94253125 0.4937916666666667 0.029046875 0.08520833333333333
2 0.726203125 0.6480625 0.040921875 0.10497916666666667
2 0.89709375 0.4515208333333333 0.020265625000000002 0.07185416666666668
2 0.9453437499999999 0.8542083333333333 0.0388125 0.11710416666666666
2 0.833375 0.45379166666666665 0.0161875 0.049770833333333334
2 0.775984375 0.42175 0.016078125 0.044895833333333336
2 0.837015625 0.5762708333333334 0.019015625 0.07643749999999999
2 0.419921875 0.8743541666666667 0.046875 0.15495833333333334
2 0.7373125 0.9095 0.021484375 0.08985416666666667
2 0.8588906250000001 0.7806041666666667 0.022468750000000003 0.09245833333333334
2 0.79540625 0.7109375 0.022468750000000003 0.07291666666666667
2 0.8715781249999999 0.6588541666666666 0.032234374999999996 0.109375
2 0.856453125 0.48112499999999997 0.015625 0.05339583333333333
2 0.744625 0.5475208333333333 0.032234374999999996 0.07162500000000001
2 0.727046875 0.4570416666666667 0.018562500000000003 0.057291666666666664
2 0.766609375 0.38477083333333334 0.013671875 0.03777083333333333
2 0.73975 0.3072916666666667 0.020515625000000003 0.044270833333333336
2 0.84375 0.41081249999999997 0.03125 0.03777083333333333
2 0.735359375 0.23308333333333334 0.021484375 0.0390625
2 0.21582812499999998 0.6302083333333334 0.029296875 0.078125
2 0.4165 0.5787708333333333 0.022468750000000003 0.07683333333333334
