1 0.77103125 0.39570833333333333 0.07434375 0.17225000000000001
3 0.6431875 0.30012500000000003 0.153859375 0.34631249999999997
1 0.035984375 0.2125 0.07196875 0.12195833333333334
3 0.373 0.44952083333333337 0.2739375 0.5405416666666666
1 0.651953125 0.6093958333333334 0.129296875 0.3701458333333333
2 0.8370468750000001 0.3164166666666667 0.017984375 0.04733333333333333
2 0.5015625 0.5041666666666667 0.503125 0.5416666666666666 0.490625 0.5979166666666667 0.50625 0.6166666666666667 0.5125 0.6395833333333333 0.521875 0.6458333333333334 0.5390625 0.60625 0.5359375 0.5479166666666667 0.540625 0.4979166666666667 0.5328125 0.45 0.5203125 0.45625
2 0.378125 0.8416666666666667 0.378125 0.9020833333333333 0.3609375 0.9583333333333334 0.36875 0.9833333333333333 0.3796875 0.9875 0.3796875 0.9979166666666667 0.396875 0.9979166666666667 0.3953125 0.9833333333333333 0.4078125 0.9833333333333333 0.4140625 0.96875 0.4375 0.9645833333333333 0.434375 0.9208333333333333 0.4421875 0.85625 0.440625 0.80625 0.41875 0.7270833333333333 0.4109375 0.7270833333333333 0.4015625 0.75 0.3953125 0.8041666666666667
2 0.859375 0.46458333333333335 0.8625 0.51875 0.884375 0.5416666666666666 0.89375 0.44375 0.8734375 0.42083333333333334
2 0.8390625 0.44166666666666665 0.8390625 0.47291666666666665 0.8546875 0.4875 0.8625 0.4479166666666667 0.85625 0.3958333333333333 0.8484375 0.4
1 0.7828125 0.6979166666666666 0.7859375 0.8520833333333333 0.7953125 0.9145833333333333 0.80625 0.9375 0.9171875 0.9541666666666667 0.934375 0.95 0.9546875 0.89375 0.953125 0.8666666666666667 0.9625 0.8520833333333333 0.9484375 0.7875 0.9546875 0.7416666666666667 0.93125 0.6416666666666667 0.9046875 0.5645833333333333 0.871875 0.5458333333333333 0.8078125 0.5416666666666666 0.7890625 0.61875
1 0.74375 0.51875 0.740625 0.61875 0.75625 0.65625 0.746875 0.675 0.7515625 0.6833333333333333 0.778125 0.6833333333333333 0.7875 0.65 0.7875 0.6104166666666667 0.8046875 0.54375 0.8171875 0.5354166666666667 0.8703125 0.5416666666666666 0.859375 0.5291666666666667 0.8515625 0.49166666666666664 0.8375 0.4791666666666667 0.7765625 0.475
1 0.509375 0.22708333333333333 0.50625 0.30416666666666664 0.5078125 0.33125 0.5140625 0.3416666666666667 0.534375 0.3104166666666667 0.5375 0.25833333333333336 0.5328125 0.21666666666666667 0.5265625 0.20625 0.515625 0.20208333333333334
3 0.7203125 0.14375 0.721875 0.23958333333333334 0.7578125 0.24791666666666667 0.771875 0.2125 0.76875 0.16041666666666668 0.755859375 0.14453125
1 0.51875 0.17916666666666667 0.5171875 0.2 0.53125 0.21041666666666667 0.5421875 0.26458333333333334 0.5609375 0.26875 0.5671875 0.23125 0.5671875 0.16666666666666666 0.553125 0.15625 0.5296875 0.15625
3 0.9203125 0.5270833333333333 0.9375 0.65 0.9640625 0.70625 0.9796875 0.7 0.984375 0.6833333333333333 0.9984375 0.6979166666666666 0.9984375 0.41458333333333336 0.9375 0.4083333333333333
0 0.54478125 0.1918541666666667 0.069921875 0.16066666666666668