4 0.6551875 0.5085208333333333 0.17075 0.5338541666666666
0 0.3296875 0.30833333333333335 0.328125 0.3541666666666667 0.3421875 0.375 0.3359375 0.4375 0.3390625 0.47291666666666665 0.3453125 0.48333333333333334 0.359375 0.48333333333333334 0.3625 0.475 0.3828125 0.4666666666666667 0.4 0.42083333333333334 0.41875 0.42916666666666664 0.4203125 0.4875 0.440625 0.51875 0.4453125 0.55 0.459375 0.5729166666666666 0.4859375 0.5854166666666667 0.4921875 0.6333333333333333 0.496875 0.6354166666666666 0.5140625 0.6125 0.5125 0.5791666666666667 0.5515625 0.4625 0.55625 0.41458333333333336 0.5671875 0.38125 0.56875 0.31666666666666665 0.5765625 0.2875 0.575 0.17291666666666666 0.5015625 0.14583333333333334 0.428125 0.15833333333333333 0.39375 0.18541666666666667 0.359375 0.23125 0.35 0.26875
4 0.1546875 0.6375 0.1546875 0.75 0.1796875 0.7625 0.18125 0.8125 0.171875 0.9229166666666667 0.190625 0.9833333333333333 0.2109375 0.9854166666666667 0.2171875 0.9979166666666667 0.4125 0.9979166666666667 0.4171875 0.9458333333333333 0.4296875 0.9166666666666666 0.434375 0.8791666666666667 0.4484375 0.83125 0.478125 0.7708333333333334 0.4875 0.6708333333333333 0.4859375 0.5958333333333333 0.4515625 0.575 0.4421875 0.5541666666666667 0.4375 0.5166666666666667 0.425 0.4895833333333333 0.415625 0.4875 0.4203125 0.4479166666666667 0.4171875 0.4041666666666667 0.403125 0.40625 0.396875 0.41875 0.396875 0.44166666666666665 0.3828125 0.46041666666666664 0.2609375 0.45416666666666666 0.25 0.4625 0.24375 0.4895833333333333 0.2265625 0.49166666666666664 0.2171875 0.5020833333333333 0.2171875 0.525 0.16875 0.6291666666666667
3 0.7984375 0.5083333333333333 0.8015625 0.5625 0.7875 0.5916666666666667 0.7953125 0.6395833333333333 0.8203125 0.6708333333333333 0.8421875 0.5979166666666667 0.8453125 0.5354166666666667 0.83125 0.47291666666666665 0.8234375 0.47291666666666665 0.8140625 0.49583333333333335
3 0.940625 0.5770833333333333 0.93125 0.6395833333333333 0.9453125 0.6833333333333333 0.9625 0.7020833333333333 0.971875 0.6625 0.9765625 0.5854166666666667 0.9625 0.5625
3 0.903125 0.4895833333333333 0.909375 0.525 0.896875 0.5479166666666667 0.9140625 0.5979166666666667 0.9203125 0.6 0.934375 0.5375 0.934375 0.5041666666666667 0.9234375 0.48541666666666666
3 0.8265625 0.45 0.8234375 0.47291666666666665 0.8453125 0.5229166666666667 0.8515625 0.45208333333333334 0.8421875 0.44375
3 0.9515625 0.8625 0.9515625 0.9291666666666667 0.9625 0.975 0.971875 0.9979166666666667 0.9984375 0.9979166666666667 0.9984375 0.8395833333333333 0.9625 0.8354166666666667
3 0.9296875 0.4270833333333333 0.9265625 0.44583333333333336 0.9375 0.46458333333333335 0.940625 0.43333333333333335
4 0.734375 0.27291666666666664 0.7390625 0.3416666666666667 0.73125 0.4625 0.76875 0.4979166666666667 0.7796875 0.46458333333333335 0.7875 0.3854166666666667 0.7828125 0.30625 0.778125 0.29583333333333334 0.7625 0.29375 0.7453125 0.26875
4 0.6359375 0.13958333333333334 0.6390625 0.21875 0.6671875 0.23333333333333334 0.6875 0.23333333333333334 0.69375 0.15416666666666667 0.6640625 0.13958333333333334
2 0.76875 0.1875 0.765625 0.20625 0.78125 0.225 0.7890625 0.25416666666666665 0.8171875 0.2604166666666667 0.821875 0.22916666666666666 0.8109375 0.1875 0.7890625 0.17291666666666666 0.775 0.175