1 0.855671875 0.8225416666666666 0.196890625 0.3548958333333333
1 0.349296875 0.6033541666666667 0.1504375 0.3409583333333333
1 0.46440625 0.3751666666666667 0.12221875 0.20679166666666668
1 0.663765625 0.31520833333333337 0.082828125 0.14352083333333335
3 0.1390625 0.15899999999999997 0.24284374999999997 0.283125
3 0.386203125 0.13475 0.095921875 0.21164583333333334
1 0.31146875 0.23754166666666665 0.10345312499999999 0.13764583333333333
1 0.5703125 0.671875 0.140625 0.3333333333333333
1 0.638671875 0.5071666666666667 0.107421875 0.24870833333333334
1 0.09765625 0.44595833333333335 0.171875 0.2825625
