3 0.63871875 0.5207083333333333 0.161515625 0.5047291666666667
1 0.51621875 0.21052083333333332 0.06853125 0.12587500000000001
1 0.299546875 0.6364375 0.183234375 0.36374999999999996
2 0.47493749999999996 0.6627083333333333 0.0350625 0.13845833333333332
3 0.835125 0.6938958333333333 0.18703125 0.46699999999999997
3 0.401546875 0.37525000000000003 0.180453125 0.2984375
2 0.7324531249999999 0.5519166666666667 0.0268125 0.08541666666666667
2 0.779765625 0.3219166666666667 0.015078125000000001 0.03983333333333334
3 0.6453125 0.21152083333333332 0.1149375 0.1552916666666667
2 0.533203125 0.3984375 0.021484375 0.078125
1 0.7373125 0.2994791666666667 0.05859375 0.11458333333333333
2 0.80078125 0.37304166666666666 0.021484375 0.06120833333333333
2 0.829109375 0.3502708333333333 0.0234375 0.0625
2 0.8920937500000001 0.39127083333333335 0.026375 0.042979166666666666
2 0.734375 0.4362083333333333 0.009765625 0.0625
2 0.749515625 0.46289583333333334 0.014656250000000001 0.0638125
