2 0.813375 0.8107500000000001 0.150875 0.32887500000000003
2 0.591140625 0.6712916666666667 0.152484375 0.3530416666666667
2 0.3076875 0.6454791666666666 0.179515625 0.3349375
2 0.3890625 0.3854166666666667 0.371875 0.43125 0.3625 0.4354166666666667 0.3625 0.44583333333333336 0.371875 0.46875 0.4 0.47708333333333336 0.4078125 0.49166666666666664 0.4203125 0.6125 0.4359375 0.6270833333333333 0.4625 0.63125 0.471875 0.6229166666666667 0.4875 0.5520833333333334 0.5 0.5395833333333333 0.503125 0.525 0.5125 0.41041666666666665 0.5046875 0.34791666666666665 0.490625 0.33125 0.4359375 0.3229166666666667 0.4265625 0.32708333333333334
2 0.6046875 0.24791666666666667 0.60625 0.33125 0.6125 0.33541666666666664 0.6140625 0.325 0.6328125 0.325 0.640625 0.3375 0.6625 0.3458333333333333 0.6765625 0.26458333333333334 0.6640625 0.21666666666666667 0.6296875 0.19375 0.621875 0.19583333333333333
3 0.6921875 0.11666666666666667 0.6953125 0.11875 0.6953125 0.13125 0.69375 0.13333333333333333 0.69375 0.14375 0.690625 0.14791666666666667 0.6859375 0.14375 0.6859375 0.12291666666666666 0.690625 0.11666666666666667
3 0.5609375 0.475 0.5734375 0.4875 0.578125 0.4895833333333333 0.5828125 0.4875 0.565625 0.5104166666666666 0.559375 0.5229166666666667 0.553125 0.5479166666666667 0.5390625 0.5833333333333334 0.5359375 0.58125 0.5359375 0.5395833333333333 0.5421875 0.50625 0.5421875 0.49583333333333335 0.5453125 0.49166666666666664 0.5546875 0.4895833333333333 0.5578125 0.48541666666666666 0.559375 0.47708333333333336
3 0.51796875 0.13125 0.0171875 0.03333333333333333
3 0.7125 0.11666666666666667 0.71875 0.11666666666666667 0.721875 0.12291666666666666 0.7203125 0.14583333333333334 0.7125 0.14791666666666667 0.7109375 0.14375 0.7109375 0.12291666666666666 0.7125 0.11875
3 0.6875 0.06458333333333334 0.6921875 0.0625 0.69375 0.06666666666666667 0.69375 0.07916666666666666 0.6921875 0.08125 0.6875 0.08125 0.6859375 0.07708333333333334 0.6875 0.06666666666666667
3 0.52890625 0.25 0.0203125 0.0625
3 0.8984375 0.34791666666666665 0.903125 0.3458333333333333 0.9109375 0.3458333333333333 0.9125 0.34791666666666665 0.9140625 0.36875 0.91875 0.3854166666666667 0.91875 0.39375 0.915625 0.4041666666666667 0.9109375 0.41041666666666665 0.9046875 0.4125 0.9 0.40625 0.8921875 0.38958333333333334 0.8921875 0.3729166666666667 0.896875 0.3625 0.8984375 0.35
3 0.7203125 0.6458333333333334 0.725 0.65 0.725 0.65625 0.7203125 0.6625 0.7203125 0.7125 0.7171875 0.7270833333333333 0.7171875 0.7458333333333333 0.7125 0.7645833333333333 0.7046875 0.775 0.7 0.7729166666666667 0.6953125 0.7645833333333333 0.6921875 0.7645833333333333 0.6875 0.75625 0.6875 0.7458333333333333 0.6828125 0.71875 0.6828125 0.6375 0.68125 0.6270833333333333 0.684375 0.6229166666666667 0.6890625 0.6229166666666667 0.6890625 0.63125 0.6921875 0.6354166666666666 0.6984375 0.6333333333333333 0.7109375 0.6354166666666666 0.71875 0.6458333333333334
3 0.6046875 0.175 0.609375 0.17916666666666667 0.609375 0.18541666666666667 0.6078125 0.1875 0.6078125 0.2125 0.603125 0.22083333333333333 0.596875 0.22083333333333333 0.5953125 0.21458333333333332 0.5953125 0.17916666666666667 0.5984375 0.175 0.603125 0.175
3 0.828125 0.21145833333333333 0.015625 0.03958333333333333
3 0.646875 0.12708333333333333 0.65 0.12916666666666668 0.653125 0.13958333333333334 0.653125 0.15416666666666667 0.65 0.1625 0.646875 0.16458333333333333 0.6421875 0.16041666666666668 0.6421875 0.14166666666666666 0.640625 0.13958333333333334 0.64375 0.12916666666666668 0.6453125 0.12916666666666668