4 0.08959375 0.38345833333333335 0.179203125 0.40847916666666667
2 0.874484375 0.580375 0.11795312499999999 0.28833333333333333
3 0.068421875 0.956375 0.05284375 0.07831250000000001
2 0.64371875 0.49143749999999997 0.099859375 0.18945833333333334
3 0.8965156249999999 0.9458541666666667 0.0440625 0.09954166666666667
4 0.38873437499999997 0.5473958333333333 0.16929687499999999 0.534125
3 0.71409375 0.4172708333333333 0.02790625 0.07760416666666667
3 0.845640625 0.4174166666666667 0.021374999999999998 0.04691666666666667
2 0.62471875 0.7392708333333334 0.12840625 0.3610833333333333
4 0.500796875 0.2008125 0.07748437500000001 0.14024999999999999
3 0.778390625 0.574375 0.023625 0.07808333333333332
3 0.14790625 0.9633125 0.060609375 0.07335416666666666
3 0.48650000000000004 0.8592291666666667 0.048234375 0.10293749999999999
3 0.828328125 0.36941666666666667 0.012484375 0.042562499999999996
3 0.489265625 0.7356874999999999 0.03125 0.08072916666666667
4 0.5029375 0.3854166666666667 0.09375 0.21614583333333334
2 0.6484375 0.36002083333333335 0.080078125 0.09766666666666667
2 0.62109375 0.29491666666666666 0.0625 0.11850000000000001
2 0.775390625 0.3255208333333333 0.060546875 0.13020833333333334
3 0.75390625 0.6666666666666666 0.021484375 0.052083333333333336
3 0.534671875 0.5670625 0.024421875000000003 0.07162500000000001
3 0.13134375 0.7363333333333333 0.026375 0.08464583333333334
3 0.180171875 0.8600208333333333 0.034187499999999996 0.08464583333333334
3 0.207515625 0.5872499999999999 0.016609375000000003 0.07552083333333333
3 0.2524375 0.9570416666666667 0.026375 0.08072916666666667
3 0.38915625 0.9681041666666667 0.045906249999999996 0.0638125
3 0.736328125 0.9322916666666666 0.056640625 0.13541666666666666
3 0.728515625 0.609375 0.02734375 0.08333333333333333
3 0.57178125 0.28710416666666666 0.012703125000000001 0.050791666666666666
3 0.512203125 0.62175 0.034187499999999996 0.06641666666666667