3 0.6539531249999999 0.205375 0.070453125 0.14283333333333334
1 0.262640625 0.6370625000000001 0.183984375 0.4530416666666667
1 0.61525 0.7554583333333333 0.141921875 0.26135416666666667
1 0.6583281249999999 0.2924791666666666 0.07029687500000001 0.10222916666666666
2 0.84925 0.3753958333333333 0.0268125 0.09695833333333333
1 0.416515625 0.5226666666666666 0.09614062500000001 0.24497916666666666
2 0.75996875 0.21525 0.023 0.07202083333333334
3 0.8366093749999999 0.716 0.169546875 0.49195833333333333
2 0.770765625 0.3424791666666666 0.016453125 0.062625
3 0.65553125 0.4532291666666667 0.110765625 0.22149999999999997
2 0.500484375 0.45897916666666666 0.020499999999999997 0.07420833333333333
2 0.384765625 0.36783333333333335 0.013671875 0.058604166666666666
1 0.55615625 0.5826875 0.120109375 0.2486875
1 0.583015625 0.36002083333333335 0.013671875 0.03777083333333333
1 0.528328125 0.384125 0.013671875 0.044270833333333336
1 0.4091875 0.3164166666666667 0.009765625 0.044270833333333336
1 0.573734375 0.231125 0.008796875 0.040375
1 0.587890625 0.20572916666666666 0.0078125 0.036458333333333336
1 0.930671875 0.7747499999999999 0.02734375 0.0859375
1 0.771 0.4765625 0.08301562500000001 0.19270833333333334
