3 0.303796875 0.5317708333333333 0.34090625 0.7611666666666667
1 0.61546875 0.4945833333333333 0.106484375 0.24210416666666665
1 0.56315625 0.16595833333333332 0.053296875 0.0988125
1 0.627671875 0.28562499999999996 0.0721875 0.179
2 0.971828125 0.6776041666666667 0.042640625 0.11581250000000001
3 0.0015625 0.07083333333333333 0 0.28541666666666665 0.065625 0.28125 0.0875 0.24166666666666667 0.1015625 0.24166666666666667 0.1203125 0.22708333333333333 0.1375 0.23333333333333334 0.175 0.19166666666666668 0.178125 0.175 0.16875 0.13958333333333334 0.1859375 0.125 0.18125 0.04791666666666667 0.153125 0.03125 0.1140625 0.035416666666666666 0.0984375 0.04583333333333333 0.0625 0.04791666666666667 0.0421875 0.0625
3 0.0015625 0.07083333333333333 0 0.28541666666666665 0.065625 0.28125 0.0875 0.24166666666666667 0.1015625 0.24166666666666667 0.1203125 0.22708333333333333 0.1375 0.23333333333333334 0.175 0.19166666666666668 0.178125 0.175 0.16875 0.13958333333333334 0.1859375 0.125 0.18125 0.04791666666666667 0.153125 0.03125 0.1140625 0.035416666666666666 0.0984375 0.04583333333333333 0.0625 0.04791666666666667 0.0421875 0.0625
0 0.0046875 0.07083333333333333 0 0.07291666666666667 0 0.2833333333333333 0.025 0.27708333333333335 0.0625 0.28125 0.071875 0.2708333333333333 0.0765625 0.25 0.11875 0.225 0.1390625 0.23125 0.18125 0.18541666666666667 0.16875 0.15 0.1828125 0.13125 0.18125 0.07291666666666667 0.146875 0.06041666666666667 0.1328125 0.03958333333333333 0.11875 0.03958333333333333 0.1109375 0.052083333333333336 0.0921875 0.058333333333333334 0.0890625 0.052083333333333336 0.0625 0.05 0.0609375 0.05625
2 0.915625 0.475 0.9234375 0.48541666666666666 0.9234375 0.5 0.9203125 0.5083333333333333 0.9171875 0.5354166666666667 0.9109375 0.5520833333333334 0.90625 0.5708333333333333 0.90625 0.5833333333333334 0.903125 0.5895833333333333 0.8984375 0.5875 0.896875 0.5791666666666667 0.8953125 0.51875 0.8921875 0.5083333333333333 0.890625 0.48541666666666666 0.8953125 0.4791666666666667 0.903125 0.475 0.9140625 0.475
2 0.5046875 0.44583333333333336 0.5109375 0.4479166666666667 0.5328125 0.44583333333333336 0.5359375 0.45 0.540625 0.475 0.5390625 0.50625 0.5359375 0.5166666666666667 0.51875 0.5416666666666666 0.5171875 0.5541666666666667 0.5125 0.5604166666666667 0.5078125 0.5520833333333334 0.5078125 0.5020833333333333 0.50625 0.5 0.5046875 0.4666666666666667 0.503125 0.46458333333333335 0.5046875 0.4479166666666667
2 0.7453125 0.18958333333333333 0.75 0.19375 0.7515625 0.20625 0.746875 0.21875 0.7453125 0.23541666666666666 0.740625 0.23958333333333334 0.7375 0.2375 0.734375 0.22916666666666666 0.7328125 0.20208333333333334 0.7390625 0.19166666666666668 0.74375 0.18958333333333333
2 0.5390625 0.3104166666666667 0.5546875 0.30833333333333335 0.5609375 0.3145833333333333 0.5640625 0.3229166666666667 0.5625 0.32916666666666666 0.5625 0.36041666666666666 0.5640625 0.36666666666666664 0.5609375 0.36875 0.5546875 0.36666666666666664 0.5421875 0.36875 0.5390625 0.36666666666666664 0.5359375 0.35625 0.5359375 0.3229166666666667 0.5390625 0.3125
2 0.9796875 0.5520833333333334 0.9984375 0.55625 0.9984375 0.6333333333333333 0.99375 0.63125 0.990625 0.625 0.9796875 0.5854166666666667 0.9796875 0.5625 0.978125 0.5604166666666667 0.9796875 0.5541666666666667
2 0.69609375 0.33541666666666664 0.0265625 0.075
2 0.9890625 0.7770833333333333 0.99375 0.78125 0.9953125 0.79375 0.9984375 0.8 0.996875 0.80625 0.9984375 0.8083333333333333 0.9984375 0.95 0.990625 0.9604166666666667 0.9828125 0.95625 0.98125 0.9416666666666667 0.9734375 0.93125 0.971875 0.925 0.9671875 0.9208333333333333 0.971875 0.9166666666666666 0.96875 0.9145833333333333 0.9703125 0.9041666666666667 0.9671875 0.8958333333333334 0.96875 0.89375 0.9671875 0.8916666666666667 0.9671875 0.8729166666666667 0.965625 0.8666666666666667 0.959375 0.8604166666666667 0.959375 0.85 0.9625 0.8395833333333333 0.9625 0.8125 0.9671875 0.8020833333333334 0.9703125 0.7833333333333333 0.9765625 0.7770833333333333 0.9875 0.7770833333333333
2 0.76875 0.19270833333333334 0.015625 0.052083333333333336
2 0.3015625 0.1375 0.309375 0.14375 0.309375 0.16041666666666668 0.2953125 0.18333333333333332 0.2921875 0.18333333333333332 0.2921875 0.1625 0.2875 0.15208333333333332 0.2875 0.14166666666666666 0.2921875 0.1375 0.3 0.1375
2 0.75 0.2833333333333333 0.75625 0.28958333333333336 0.75625 0.30833333333333335 0.75 0.32083333333333336 0.7375 0.31875 0.734375 0.3125 0.7359375 0.28958333333333336 0.740625 0.2833333333333333 0.7484375 0.2833333333333333
2 0.5953125 0.3 0.5921875 0.28958333333333336 0.59375 0.25416666666666665 0.6 0.2520833333333333 0.6046875 0.25416666666666665 0.6078125 0.2604166666666667 0.6078125 0.28541666666666665 0.60625 0.28958333333333336 0.6015625 0.2916666666666667 0.596875 0.29791666666666666
2 0.5640625 0.37083333333333335 0.565625 0.3770833333333333 0.5609375 0.39791666666666664 0.5609375 0.4083333333333333 0.5625 0.41041666666666665 0.5609375 0.43333333333333335 0.553125 0.45208333333333334 0.5484375 0.45208333333333334 0.5421875 0.44166666666666665 0.5421875 0.4125 0.5390625 0.4 0.5390625 0.3854166666666667 0.54375 0.37083333333333335 0.55 0.36875 0.5609375 0.36875 0.5625 0.37083333333333335
2 0.5359375 0.36041666666666666 0.540625 0.36875 0.5390625 0.40625 0.5421875 0.4270833333333333 0.540625 0.44166666666666665 0.5375 0.44583333333333336 0.5328125 0.44583333333333336 0.5265625 0.4375 0.525 0.43125 0.51875 0.42916666666666664 0.51875 0.4125 0.5203125 0.41041666666666665 0.51875 0.4 0.521875 0.38958333333333334 0.521875 0.375 0.5296875 0.36041666666666666 0.534375 0.36041666666666666
2 0.19375 0.17708333333333334 0.1984375 0.18125 0.1984375 0.2 0.19375 0.21666666666666667 0.1890625 0.22291666666666668 0.1796875 0.22291666666666668 0.178125 0.22083333333333333 0.178125 0.19791666666666666 0.18125 0.17916666666666667 0.1921875 0.17708333333333334
2 0.7609375 0.20625 0.765625 0.21875 0.765625 0.2375 0.759375 0.25833333333333336 0.7546875 0.25833333333333336 0.7515625 0.24583333333333332 0.746875 0.23958333333333334 0.746875 0.22083333333333333 0.75625 0.20416666666666666 0.759375 0.20625
