1 0.639609375 0.7917500000000001 0.15215625 0.3466458333333333
1 0.7945625 0.5563541666666667 0.12678125 0.27608333333333335
1 0.8561875000000001 0.8125416666666666 0.14521875 0.301625
1 0.42196875 0.6775416666666667 0.17290624999999998 0.3589791666666667
3 0.648796875 0.31154166666666666 0.10840625 0.3
1 0.627515625 0.4878958333333333 0.108421875 0.23208333333333334
2 0.061843749999999996 0.8462916666666668 0.03565625 0.1018125
2 0.97828125 0.8440416666666667 0.043421875 0.10435416666666668
1 0.44740624999999995 0.44937499999999997 0.11764062500000001 0.17633333333333334
2 0.9711718749999999 0.6028958333333333 0.028437499999999998 0.12460416666666667
2 0.22868750000000002 0.8309583333333334 0.049390625 0.06708333333333334
2 0.542484375 0.46679166666666666 0.022468750000000003 0.07943750000000001
1 0.7421875 0.2617291666666667 0.05078125 0.1640625
2 0.17285937499999998 0.8007916666666667 0.02734375 0.08333333333333333
2 0.140140625 0.7148541666666667 0.032234374999999996 0.09114583333333333
2 0.11328125 0.9420625 0.03125 0.10808333333333334
2 0.20165625 0.390625 0.032234374999999996 0.06770833333333333
3 0.451171875 0.3098958333333333 0.10546875 0.21354166666666666
