2 0.8266562499999999 0.47460416666666666 0.038093749999999996 0.0638125
2 0.9448281250000001 0.6360625 0.034187499999999996 0.10027083333333334
2 0.9379843749999999 0.4726666666666667 0.041999999999999996 0.09635416666666667
2 0.531734375 0.3919375 0.032234374999999996 0.057291666666666664
1 0.45165625 0.34700000000000003 0.07909374999999999 0.16795833333333335
2 0.5546875 0.31706249999999997 0.0234375 0.056
1 0.53028125 0.23177083333333334 0.0703125 0.09895833333333333
1 0.296390625 0.6634166666666667 0.18065625000000002 0.2929583333333333
2 0.36084375 0.7838541666666666 0.049812499999999996 0.10677083333333333
2 0.2890625 0.9518333333333333 0.0625 0.09635416666666667
1 0.57178125 0.7695416666666667 0.14942187499999998 0.2916666666666667
1 0.474609375 0.49935416666666665 0.10546875 0.1575625
3 0.650875 0.28320833333333334 0.11621875 0.3711041666666667
3 0.103515625 0.2565208333333333 0.201171875 0.359375
1 0.8046875 0.7181041666666667 0.130859375 0.306
