2 0.8526718750000001 0.7629583333333334 0.15090625 0.43054166666666666
2 0.8250624999999999 0.48650000000000004 0.11074999999999999 0.178375
3 0.8868281250000001 0.5333749999999999 0.02684375 0.08325
2 0.78825 0.20295833333333332 0.047578125 0.07835416666666667
4 0.1796875 0.5916666666666667 0.18125 0.60625 0.1734375 0.6270833333333333 0.178125 0.6472229166666666 0.1734375 0.80625 0.178125 0.8229166666666666 0.1984375 0.8145833333333333 0.2765625 0.8208333333333333 0.315625 0.8458333333333333 0.328125 0.8416666666666667 0.346875 0.775 0.3765625 0.71875 0.3921875 0.6541666666666667 0.390625 0.6270833333333333 0.4078125 0.5666666666666667 0.4046875 0.5041666666666667 0.4140625 0.47708333333333336 0.4140625 0.40208333333333335 0.4078125 0.3777770833333333 0.4109375 0.3333333333333333 0.3703125 0.3229166666666667 0.2859375 0.3229166666666667 0.2609375 0.34375 0.2140625 0.4041666666666667 0.2125 0.5041666666666667 0.1953125 0.5354166666666667
4 0.3390625 0.24791666666666667 0.3359375 0.31666666666666665 0.403125 0.32916666666666666 0.4140625 0.3541666666666667 0.4078125 0.5 0.4140625 0.58125 0.4234375 0.5708333333333333 0.45 0.4979166666666667 0.46875 0.3958333333333333 0.475 0.3020833333333333 0.471875 0.2125 0.3828125 0.19375
4 0.459375 0.16041666666666668 0.4578125 0.20208333333333334 0.465625 0.20416666666666666 0.478125 0.23194375 0.478125 0.25416666666666665 0.5296875 0.2604166666666667 0.546875 0.19166666666666668 0.5375 0.12916666666666668 0.4796875 0.125 0.46875 0.13541666666666666
4 0.5359375 0.6895833333333333 0.5375 0.74375 0.55 0.75 0.540625 0.7958333333333333 0.553125 0.825 0.5671875 0.8395833333333333 0.6828125 0.8791666666666667 0.7125 0.86875 0.746875 0.8291666666666667 0.7484375 0.7875 0.7421875 0.7625 0.753125 0.74375 0.7484375 0.6708333333333333 0.75625 0.625 0.7609375 0.6229166666666667 0.7609375 0.55625 0.75625 0.54375 0.7609375 0.5083333333333333 0.7296875 0.3375 0.7171875 0.31666666666666665 0.7078125 0.3145833333333333 0.696875 0.26875 0.6796875 0.2708333333333333 0.6625 0.25625 0.6390625 0.2520833333333333 0.621875 0.2875 0.6046875 0.3020833333333333 0.5890625 0.34791666666666665 0.5890625 0.3645833333333333 0.578125 0.38333333333333336 0.5609375 0.46458333333333335 0.5578125 0.5166666666666667 0.5484375 0.5416666666666666 0.553125 0.58125
3 0.4875 0.5916666666666667 0.484375 0.6333333333333333 0.4921875 0.6708333333333333 0.484375 0.7166666666666667 0.490625 0.73125 0.496875 0.73125 0.5171875 0.6770833333333334 0.5265625 0.5916666666666667
3 0.4015625 0.7333333333333333 0.3953125 0.7895833333333333 0.3765625 0.83125 0.3796875 0.8416666666666667 0.3921875 0.8479166666666667 0.39375 0.8979166666666667 0.4 0.9125 0.415625 0.8645833333333334 0.43125 0.84375 0.434375 0.80625 0.4515625 0.7958333333333333 0.4484375 0.74375 0.425 0.7354166666666667 0.4203125 0.7229166666666667 0.4109375 0.7208333333333333
3 0.40625 0.9020833333333333 0.4078125 0.9395833333333333 0.4203125 0.9583333333333334 0.4578125 0.9708333333333333 0.46875 0.9625 0.478125 0.9291666666666667 0.478125 0.9 0.4515625 0.81875 0.4359375 0.8208333333333333 0.4328125 0.8458333333333333 0.4140625 0.86875
3 0.93125 0.64375 0.9296875 0.7041666666666667 0.9578125 0.7895833333333333 0.9765625 0.6645833333333333 0.965625 0.5729166666666666 0.953125 0.5791666666666667 0.934375 0.61875
3 0.96875 0.5479166666666667 0.9734375 0.5520833333333334 0.9671875 0.5666666666666667 0.9796875 0.6625 0.9859375 0.6875 0.99375 0.6916666666666667 0.9984375 0.68125 0.9984375 0.56875 0.990625 0.5479166666666667
3 0.8796875 0.38958333333333334 0.8796875 0.44375 0.896875 0.45 0.90625 0.42291666666666666 0.9046875 0.3875 0.8828125 0.38125
3 0.7796875 0.31666666666666665 0.778125 0.3645833333333333 0.7921875 0.38958333333333334 0.8 0.31666666666666665 0.7859375 0.3104166666666667
3 0.7296875 0.21875 0.71875 0.22291666666666668 0.7203125 0.23541666666666666 0.73125 0.22708333333333333
3 0.7265625 0.2375 0.71875 0.26458333333333334 0.7390625 0.2916666666666667 0.753125 0.27708333333333335 0.746875 0.24791666666666667 0.7375 0.23125
3 0.5390625 0.33541666666666664 0.5359375 0.4 0.546875 0.42291666666666666 0.5640625 0.39791666666666664 0.56875 0.375 0.5671875 0.2916666666666667 0.5546875 0.2791666666666667
3 0.503125 0.45416666666666666 0.5015625 0.48333333333333334 0.521875 0.5041666666666667 0.5296875 0.48333333333333334 0.528125 0.4479166666666667 0.5140625 0.43125
3 0.571875 0.24166666666666667 0.56875 0.30625 0.5796875 0.30833333333333335 0.59375 0.28125 0.59375 0.2375
2 0.475 0.2791666666666667 0.465625 0.41458333333333336 0.4984375 0.42291666666666666 0.5078125 0.4125 0.5109375 0.3854166666666667 0.521875 0.36666666666666664 0.5265625 0.31666666666666665 0.5109375 0.26458333333333334 0.48125 0.2604166666666667