1 0.608625 0.3360625 0.0793125 0.14941666666666667
1 0.614390625 0.5321458333333333 0.09946875 0.2576875
2 0.777421875 0.4937708333333333 0.03315625 0.1055625
1 0.510953125 0.2526875 0.08395312499999999 0.13618750000000002
3 0.290265625 0.5657291666666667 0.205328125 0.4326875
2 0.5129374999999999 0.43677083333333333 0.0225625 0.093875
2 0.70740625 0.48391666666666666 0.034890624999999995 0.11085416666666667
1 0.43603125 0.38216666666666665 0.08692187500000001 0.17579166666666665
2 0.4609375 0.5859375 0.017578125 0.11197916666666667
2 0.34278125 0.9108125 0.044921875 0.12370833333333334
2 0.736328125 0.6868541666666667 0.02734375 0.09506250000000001
2 0.814453125 0.6191458333333333 0.01953125 0.06120833333333333
2 0.745609375 0.5520833333333334 0.024421875000000003 0.06770833333333333
2 0.8374062500000001 0.4908958333333333 0.016609375000000003 0.057291666666666664
2 0.922859375 0.4231875 0.021484375 0.046875
1 0.94140625 0.5768333333333333 0.10546875 0.2630208333333333
2 0.667484375 0.29362499999999997 0.01075 0.02475
2 0.704109375 0.38477083333333334 0.0234375 0.0481875
2 0.694828125 0.30404166666666665 0.012703125000000001 0.029958333333333333
2 0.7319375 0.3515625 0.012703125000000001 0.036458333333333336
2 0.74853125 0.40168750000000003 0.016609375000000003 0.050791666666666666
2 0.789546875 0.39387500000000003 0.016609375000000003 0.056
2 0.845703125 0.32616666666666666 0.0078125 0.035166666666666666
2 0.873046875 0.32227083333333334 0.021484375 0.07162500000000001
2 0.826171875 0.31445833333333334 0.01953125 0.056
2 0.77978125 0.2760416666666667 0.012703125000000001 0.0390625
2 0.745125 0.27018749999999997 0.0234375 0.042979166666666666
2 0.580078125 0.24675 0.009765625 0.0325625
2 0.9789999999999999 0.9362083333333333 0.034171875000000004 0.09375
2 0.8657187499999999 0.7558541666666667 0.034187499999999996 0.1263125
2 0.790046875 0.9550833333333333 0.03125 0.08985416666666667
2 0.8061562500000001 0.8053333333333333 0.051765625 0.11850000000000001
2 0.689453125 0.9505208333333334 0.05859375 0.09895833333333333
2 0.614265625 0.22916666666666666 0.013671875 0.03125
2 0.650875 0.25456249999999997 0.020515625000000003 0.04558333333333333
