2 0.8979531250000001 0.5833333333333334 0.06153125 0.16666666666666666
2 0.32715625 0.918625 0.0625 0.14972916666666666
2 0.141109375 0.9147083333333333 0.06737499999999999 0.15754166666666666
2 0.058109375 0.9088541666666666 0.06348437500000001 0.1796875
2 0.175296875 0.321625 0.051765625 0.13541666666666666
2 0.026859375 0.3424583333333333 0.045906249999999996 0.15885416666666666
2 0.23340624999999998 0.15689583333333335 0.033203125 0.09764583333333333
2 0.276859375 0.18685416666666665 0.014656250000000001 0.07683333333333334
2 0.56103125 0.3255208333333333 0.028328125 0.10677083333333333
1 0.605953125 0.7005208333333334 0.12598437499999998 0.3411458333333333
1 0.8188437499999999 0.8489583333333334 0.16504687499999998 0.2942708333333333
1 0.775875 0.5820416666666667 0.12598437499999998 0.203125
1 0.76075 0.42904166666666665 0.123046875 0.134125
1 0.744140625 0.3125 0.095703125 0.09895833333333333
0 0.640625 0.21939583333333335 0.08203125 0.19141666666666665
1 0.473140625 0.30143749999999997 0.09668750000000001 0.16277083333333334
1 0.405765625 0.4192708333333333 0.14550000000000002 0.20052083333333334
1 0.417484375 0.6302083333333334 0.15721875000000002 0.3098958333333333
1 0.621578125 0.43685416666666665 0.10059375 0.21225
