4 0.691484375 0.4522083333333333 0.130390625 0.314125
4 0.8267031250000001 0.44804166666666667 0.10674999999999998 0.2857291666666667
2 0.8442812500000001 0.7301666666666667 0.12590625 0.3080208333333333
4 0.46946875 0.28450000000000003 0.1295 0.237875
3 0.9529375 0.7525416666666668 0.031015625 0.096375
2 0.641859375 0.7688541666666667 0.14551562499999998 0.37268749999999995
3 0.5135156249999999 0.5991458333333333 0.035796875 0.12139583333333334
2 0.190109375 0.8303333333333334 0.27323437500000003 0.3290416666666667
3 0.582078125 0.5383125 0.02190625 0.10633333333333334
2 0.32375 0.5824791666666667 0.16307812500000002 0.26497916666666665
2 0.5625 0.2025625 0.04184375 0.09189583333333333
3 0.43379687499999997 0.6131875 0.02603125 0.08275
3 0.54171875 0.5147708333333333 0.024640625 0.09168749999999999