2 0.775390625 0.47460416666666666 0.029296875 0.08204166666666667
2 0.76465625 0.38345833333333335 0.021484375 0.07422916666666667
2 0.773921875 0.30924999999999997 0.018562500000000003 0.07683333333333334
2 0.9296875 0.62175 0.037109375 0.09506250000000001
3 0.641609375 0.6725208333333333 0.173828125 0.4882916666666667
3 0.63428125 0.3828125 0.15723437499999998 0.23958333333333334
3 0.6640625 0.19141666666666665 0.13671875 0.2942708333333333
3 0.47265625 0.3697916666666667 0.169921875 0.3723958333333333
1 0.291015625 0.6347708333333333 0.197265625 0.3632916666666667
1 0.15478125 0.3255208333333333 0.13768750000000002 0.15104166666666666
2 0.0546875 0.27279166666666665 0.025390625 0.050791666666666666
1 0.164546875 0.21289583333333334 0.114265625 0.10547916666666667
1 0.8310625 0.7278749999999999 0.14453125 0.328125
