2 0.27160937500000004 0.6330416666666667 0.187640625 0.45864583333333336
4 0.5336875 0.23162500000000003 0.088265625 0.21014583333333334
2 0.61784375 0.8141875 0.14542187499999998 0.371625
2 0.7577499999999999 0.29922916666666666 0.067078125 0.13016666666666665
3 0.9769062500000001 0.8849374999999999 0.046171875 0.1321875
2 0.557015625 0.551875 0.1233125 0.20270833333333332
4 0.64915625 0.4539375 0.11771875000000001 0.22062500000000002
4 0.8374062500000001 0.7144791666666667 0.15575 0.5001666666666666
4 0.654125 0.2086875 0.07809374999999999 0.14216666666666666
2 0.655765625 0.29231250000000003 0.049796875000000004 0.07681249999999999
2 0.775390625 0.4205833333333333 0.076171875 0.125
2 0.435546875 0.5136666666666667 0.095703125 0.23827083333333335
2 0.45165625 0.36133333333333334 0.08495312499999999 0.10024999999999999
3 0.977546875 0.612625 0.02734375 0.10287500000000001
3 0.918953125 0.5221458333333333 0.0234375 0.06510416666666667
3 0.81934375 0.3007916666666667 0.013671875 0.059895833333333336
3 0.74365625 0.21875 0.018562500000000003 0.033854166666666664