1 0.355125 0.4817708333333333 0.13003125 0.2345833333333333
3 0.12425 0.2929375 0.211484375 0.32445833333333335
1 0.44890625 0.3622916666666667 0.098203125 0.181
1 0.25675 0.6914583333333333 0.16459375 0.3078541666666667
1 0.3844375 0.18095833333333333 0.064640625 0.09458333333333332
3 0.647390625 0.45697916666666666 0.12432812499999998 0.33954166666666663
2 0.92653125 0.6343541666666667 0.037984375 0.1170625
1 0.8574375 0.7124166666666666 0.129125 0.324
0 0.66253125 0.20379166666666665 0.08440625 0.15072916666666666
2 0.329234375 0.9686666666666667 0.058609375 0.05864583333333333
0 0.54034375 0.20045833333333332 0.07964062499999999 0.12947916666666667
2 0.83728125 0.47235416666666663 0.0201875 0.04625
2 0.51715625 0.4388958333333333 0.019390625 0.07272916666666666
2 0.8450468750000001 0.31052083333333336 0.012796875 0.033229166666666664
2 0.892015625 0.5225416666666667 0.02109375 0.07710416666666667
2 0.550328125 0.64125 0.022828124999999998 0.08187499999999999
1 0.49228125 0.28049999999999997 0.087140625 0.14077083333333332
2 0.591984375 0.7409583333333334 0.036328125 0.10291666666666667
