3 0.61709375 0.6083541666666666 0.16312500000000002 0.5549583333333333
0 0.43462500000000004 0.31514583333333335 0.114890625 0.204625
1 0.80390625 0.6387708333333334 0.11487499999999999 0.28818750000000004
2 0.8352031249999999 0.45691666666666664 0.018375 0.0456875
2 0.508078125 0.38506250000000003 0.026859375 0.10875
2 0.8551718749999999 0.41629166666666667 0.015562500000000002 0.04291666666666667
2 0.913046875 0.6785208333333334 0.036109375 0.143625
2 0.952609375 0.6401041666666667 0.03046875 0.09472916666666667
2 0.921875 0.6333333333333333 0.9265625 0.6625 0.928125 0.7354166666666667 0.9265625 0.74375 0.9203125 0.7541666666666667 0.9 0.7520833333333333 0.89375 0.7479166666666667 0.890625 0.7354166666666667 0.890625 0.7041666666666667 0.8890625 0.7020833333333333 0.8921875 0.69375 0.8921875 0.6729166666666667 0.896875 0.64375 0.909375 0.6333333333333333 0.9203125 0.6333333333333333
2 0.8390625 0.425 0.8421875 0.4270833333333333 0.84375 0.4375 0.84375 0.47291666666666665 0.840625 0.48125 0.840625 0.49375 0.8359375 0.4979166666666667 0.8234375 0.48541666666666666 0.821875 0.45416666666666666 0.8234375 0.45208333333333334 0.8234375 0.4395833333333333 0.8296875 0.43125 0.8296875 0.4270833333333333 0.8375 0.425
2 0.0546875 0.38125 0.05625 0.38333333333333336 0.05625 0.43125 0.059375 0.4479166666666667 0.0578125 0.45208333333333334 0.0578125 0.475 0.0546875 0.48333333333333334 0.04375 0.4979166666666667 0.0390625 0.5 0.025 0.5145833333333333 0.015625 0.5145833333333333 0.0140625 0.5104166666666666 0.0140625 0.5041666666666667 0.0109375 0.4979166666666667 0.0140625 0.49375 0.0140625 0.47291666666666665 0.00625 0.45625 0.0109375 0.44583333333333336 0.0125 0.4270833333333333 0.0171875 0.42083333333333334 0.028125 0.42291666666666666 0.0421875 0.4125 0.0484375 0.39791666666666664 0.0484375 0.3875 0.053125 0.38125
2 0.5859375 0.2708333333333333 0.5921875 0.27708333333333335 0.590625 0.31875 0.5859375 0.3229166666666667 0.575 0.3229166666666667 0.571875 0.31666666666666665 0.5734375 0.28541666666666665 0.5765625 0.275 0.584375 0.2708333333333333
2 0.9453125 0.5729166666666666 0.946875 0.575 0.9625 0.5770833333333333 0.9671875 0.5833333333333334 0.9671875 0.6479166666666667 0.959375 0.6583333333333333 0.959375 0.6729166666666667 0.95625 0.6791666666666667 0.95625 0.6875 0.946875 0.6916666666666667 0.9421875 0.6979166666666666 0.940625 0.6979166666666666 0.9359375 0.6854166666666667 0.9359375 0.65625 0.9375 0.6520833333333333 0.934375 0.64375 0.934375 0.6229166666666667 0.9375 0.60625 0.9359375 0.5791666666666667 0.9375 0.575 0.94375 0.5729166666666666
2 0.49375 0.42083333333333334 0.5078125 0.43333333333333335 0.5171875 0.43333333333333335 0.51875 0.4354166666666667 0.51875 0.46041666666666664 0.5171875 0.4625 0.5171875 0.4875 0.515625 0.4895833333333333 0.5171875 0.5020833333333333 0.5140625 0.5166666666666667 0.5078125 0.53125 0.5046875 0.5333333333333333 0.5 0.525 0.496875 0.5 0.49375 0.4895833333333333 0.49375 0.42291666666666666
2 0.9625 0.74375 0.9703125 0.7479166666666667 0.978125 0.7604166666666666 0.9765625 0.76875 0.978125 0.7979166666666667 0.9765625 0.8 0.9765625 0.8166666666666667 0.9734375 0.825 0.9734375 0.8416666666666667 0.971875 0.84375 0.9734375 0.8604166666666667 0.9703125 0.86875 0.9703125 0.8875 0.9671875 0.9 0.9640625 0.9 0.9625 0.8958333333333334 0.95625 0.8583333333333333 0.95625 0.8479166666666667 0.946875 0.8166666666666667 0.9515625 0.79375 0.9515625 0.7854166666666667 0.946875 0.7729166666666667 0.946875 0.7604166666666666 0.95 0.7520833333333333 0.9609375 0.7458333333333333
2 0.8203125 0.32083333333333336 0.8234375 0.33125 0.825 0.35 0.81875 0.37083333333333335 0.81875 0.38125 0.8109375 0.4 0.80625 0.4 0.8046875 0.325 0.809375 0.31875 0.8171875 0.31875 0.81875 0.32083333333333336
1 0.3046875 0.43333333333333335 0.290625 0.50625 0.29375 0.56875 0.39375 0.6104166666666667 0.4109375 0.55 0.43125 0.51875 0.4375 0.47708333333333336 0.4375 0.3770833333333333 0.4296875 0.33541666666666664 0.409375 0.325 0.359375 0.32083333333333336 0.3234375 0.36875
0 0.465625 0.20625 0.4640625 0.2125 0.484375 0.22291666666666668 0.490625 0.2520833333333333 0.490625 0.35833333333333334 0.515625 0.35208333333333336 0.521875 0.35833333333333334 0.5390625 0.3145833333333333 0.5390625 0.2708333333333333 0.553125 0.22083333333333333 0.5484375 0.17291666666666666 0.4921875 0.15833333333333333 0.4796875 0.17083333333333334
1 0.740625 0.3 0.7171875 0.34375 0.7265625 0.35208333333333336 0.721875 0.3645833333333333 0.734375 0.4625 0.74375 0.44583333333333336 0.7734375 0.45625 0.7953125 0.475 0.80625 0.4270833333333333 0.8015625 0.3375 0.784375 0.30625
1 0.7890625 0.89375 0.7875 0.9645833333333333 0.7984375 0.9979166666666667 0.9734375 0.9979166666666667 0.975 0.9458333333333333 0.95625 0.8458333333333333 0.94375 0.8020833333333334 0.9171875 0.7583333333333333 0.8859375 0.7645833333333333 0.875 0.7541666666666667 0.853125 0.7708333333333334 0.8140625 0.7708333333333334 0.8015625 0.8041666666666667
