1 0.791296875 0.5811458333333334 0.11642187500000001 0.27077083333333335
1 0.40425000000000005 0.6675833333333333 0.162296875 0.34833333333333333
1 0.675015625 0.41841666666666666 0.096265625 0.23708333333333334
1 0.66534375 0.2474375 0.065703125 0.12947916666666667
2 0.8739531250000001 0.47160416666666666 0.030406250000000003 0.08920833333333333
1 0.514609375 0.3593125 0.108234375 0.19547916666666668
3 0.515625 0.11666666666666667 0.50625 0.15208333333333332 0.5125 0.19166666666666668 0.525 0.20833333333333334 0.5359375 0.24791666666666667 0.5625 0.25833333333333336 0.578125 0.23541666666666666 0.5859375 0.17291666666666666 0.603125 0.12916666666666668 0.56875 0.08958333333333333 0.5515625 0.08958333333333333
1 0.4625 0.24375 0.4578125 0.30625 0.465625 0.32083333333333336 0.4796875 0.2708333333333333 0.4890625 0.25833333333333336 0.534375 0.26666666666666666 0.525 0.2125 0.515625 0.20208333333333334 0.4765625 0.20625 0.4671875 0.21875
1 0.709375 0.1875 0.709375 0.25416666666666665 0.7171875 0.2625 0.74375 0.2625 0.7609375 0.27291666666666664 0.765625 0.2625 0.765625 0.20625 0.7515625 0.17708333333333334 0.7203125 0.17291666666666666
2 0.81875 0.2520833333333333 0.8234375 0.25416666666666665 0.8265625 0.2625 0.8265625 0.3 0.8203125 0.32083333333333336 0.8171875 0.32083333333333336 0.8078125 0.3104166666666667 0.8046875 0.3020833333333333 0.8046875 0.2875 0.803125 0.28541666666666665 0.80625 0.25625 0.8125 0.2520833333333333 0.8171875 0.2520833333333333
2 0.440625 0.07291666666666667 0.0125 0.020833333333333332
2 0.803125 0.24166666666666667 0.8046875 0.24375 0.803125 0.27708333333333335 0.8015625 0.2833333333333333 0.796875 0.2875 0.7921875 0.2875 0.790625 0.2833333333333333 0.7859375 0.25625 0.7859375 0.24375 0.7875 0.24166666666666667 0.8015625 0.24166666666666667
2 0.4734375 0.0625 0.478125 0.06666666666666667 0.4765625 0.0875 0.46875 0.0875 0.4671875 0.08541666666666667 0.46875 0.06666666666666667 0.471875 0.06458333333333334
2 0.8546875 0.42083333333333334 0.8625 0.43125 0.878125 0.4354166666666667 0.8828125 0.4395833333333333 0.8828125 0.48333333333333334 0.8796875 0.5041666666666667 0.8703125 0.5333333333333333 0.8640625 0.5354166666666667 0.859375 0.5270833333333333 0.859375 0.50625 0.8546875 0.4895833333333333 0.8546875 0.46041666666666664 0.85625 0.4583333333333333 0.8546875 0.42291666666666666
2 0.6359375 0.04791666666666667 0.640625 0.05416666666666667 0.640625 0.06458333333333334 0.6359375 0.07083333333333333 0.63125 0.06666666666666667 0.6296875 0.058333333333333334 0.63125 0.05 0.634375 0.04791666666666667
