2 0.06103125 0.4713541666666667 0.034187499999999996 0.059895833333333336
2 0.20801562499999998 0.7135416666666666 0.04296875 0.0703125
2 0.736328125 0.5013124999999999 0.015625 0.06510416666666667
2 0.758796875 0.4388125 0.037109375 0.0703125
1 0.367671875 0.6725208333333333 0.15331250000000002 0.3971458333333333
1 0.5625 0.7806041666666667 0.1640625 0.4101666666666667
1 0.837890625 0.78125 0.138671875 0.3411458333333333
0 0.495125 0.25 0.1640625 0.3697916666666667
1 0.66015625 0.4231875 0.080078125 0.16927083333333334
1 0.641609375 0.2864583333333333 0.072265625 0.16927083333333334
1 0.05321875 0.2916666666666667 0.104484375 0.11458333333333333
