2 0.9664531249999999 0.6503125 0.044671875 0.11977083333333334
3 0.42232812500000005 0.3325833333333333 0.1515625 0.37456249999999996
1 0.6659375 0.20872916666666666 0.063546875 0.09052083333333334
1 0.7518906249999999 0.25466666666666665 0.066140625 0.1485
3 0.6371875 0.5463333333333333 0.16171875 0.3686666666666667
1 0.29325 0.5717083333333334 0.184796875 0.34445833333333337
2 0.508828125 0.49945833333333334 0.03325 0.11385416666666666
2 0.89940625 0.7680416666666667 0.06103125 0.1527916666666667
1 0.649421875 0.3138125 0.0546875 0.1171875
1 0.55371875 0.2760416666666667 0.052734375 0.12239583333333333
1 0.523921875 0.1953125 0.047859374999999996 0.08072916666666667
2 0.830078125 0.28581249999999997 0.01953125 0.056
