3 0.613703125 0.6019166666666667 0.17828125 0.5685833333333333
1 0.321484375 0.6350416666666666 0.17503125 0.38927083333333334
0 0.5685156250000001 0.0910625 0.071703125 0.17360416666666667
1 0.462359375 0.2526875 0.066453125 0.10441666666666666
1 0.86953125 0.7234166666666667 0.164515625 0.39085416666666667
3 0.651828125 0.2219375 0.1 0.2821875
1 0.80103125 0.5204375 0.10982812500000001 0.2843333333333333
2 0.858796875 0.43154166666666666 0.018109375 0.08804166666666666
1 0.532484375 0.16458333333333333 0.062 0.07795833333333334
2 0.753421875 0.37174999999999997 0.049812499999999996 0.11850000000000001
1 0.40528125 0.43554166666666666 0.08984375 0.18360416666666665
0 0.79590625 0.15625 0.087890625 0.20572916666666666