3 0.8316250000000001 0.4497916666666667 0.117078125 0.2818125
3 0.6889062499999999 0.4515 0.135453125 0.3173541666666667
1 0.8411875 0.7223541666666667 0.133109375 0.32118749999999996
1 0.195203125 0.8356250000000001 0.246546875 0.32747916666666665
2 0.961125 0.9478541666666668 0.064671875 0.10429166666666667
2 0.58084375 0.5570416666666667 0.02003125 0.07935416666666667
2 0.512796875 0.5933958333333333 0.03359375 0.1230625
2 0.46110937500000004 0.6802499999999999 0.033937499999999995 0.10866666666666666
1 0.5623125 0.20210416666666667 0.03715625 0.09445833333333334
1 0.323625 0.5734791666666667 0.1789375 0.2815625
3 0.4265625 0.18541666666666667 0.4125 0.29375 0.409375 0.30625 0.3953125 0.3104166666666667 0.3953125 0.31875 0.415625 0.35625 0.4890625 0.3541666666666667 0.5015625 0.37916666666666665 0.5078125 0.37916666666666665 0.5296875 0.3375 0.5359375 0.30625 0.534375 0.22291666666666668 0.5265625 0.16875 0.45 0.16041666666666668
1 0.4046875 0.3958333333333333 0.390625 0.45208333333333334 0.4046875 0.4666666666666667 0.4171875 0.50625 0.425 0.5770833333333333 0.428125 0.5583333333333333 0.440625 0.55 0.459375 0.5041666666666667 0.4734375 0.5020833333333333 0.4796875 0.5166666666666667 0.4984375 0.5104166666666666 0.5078125 0.47708333333333336 0.50625 0.39375 0.4890625 0.35833333333333334 0.440625 0.3541666666666667 0.428125 0.36041666666666666
1 0.059375 0 0.05625 0.010416666666666666 0.0671875 0.014583333333333334 0.09375 0.07083333333333333 0.0984375 0.06666666666666667 0.1078125 0.07708333333333334 0.1046875 0.0875 0.1296875 0.07916666666666666 0.134375 0.052083333333333336 0.1546875 0.03125 0.190625 0.04791666666666667 0.1953125 0.03333333333333333 0.2125 0.03958333333333333 0.2328125 0.025 0.25625 0.0375 0.26875 0.05416666666666667 0.2828125 0.029166666666666667 0.303125 0.022916666666666665 0.2953125 0
1 0.565625 0.7291666666666666 0.5796875 0.75625 0.5609375 0.8625 0.565625 0.9104166666666667 0.5875 0.9291666666666667 0.6703125 0.9479166666666666 0.678125 0.9729166666666667 0.6859375 0.9770833333333333 0.709375 0.9625 0.71875 0.90625 0.71875 0.7875 0.7359375 0.76875 0.721875 0.7298604166666667 0.715625 0.6395833333333333 0.7015625 0.5916666666666667 0.634375 0.5708333333333333 0.6203125 0.575 0.5953125 0.65625 0.584375 0.7208333333333333
