4 0.62146875 0.41622916666666665 0.12067187500000001 0.28300000000000003
2 0.7665 0.4625833333333333 0.11259375 0.24372916666666666
2 0.76953125 0.8419375 0.15084375 0.3124166666666667
2 0.745609375 0.26922916666666663 0.067015625 0.1484375
2 0.42853125 0.478625 0.139578125 0.3151041666666667
3 0.54228125 0.40258333333333335 0.025171875 0.08554166666666667
3 0.29353125 0.5905416666666666 0.036453124999999996 0.12283333333333334
2 0.507234375 0.23235416666666667 0.06853125 0.1508125
3 0.8398749999999999 0.37122916666666667 0.014937500000000001 0.04883333333333333
3 0.792359375 0.295 0.017625 0.04533333333333334
3 0.870671875 0.5240416666666666 0.0386875 0.11624999999999999
3 0.91659375 0.5233541666666667 0.031109375 0.09341666666666668
3 0.923078125 0.6205625 0.0305 0.114875
3 0.88965625 0.7643333333333333 0.029296875 0.11979166666666667
3 0.875 0.6009166666666667 0.025390625 0.06902083333333334
3 0.982421875 0.7096458333333333 0.03515625 0.09375
3 0.136234375 0.7988333333333333 0.032234374999999996 0.10547916666666667
3 0.07568749999999999 0.9544374999999999 0.020515625000000003 0.09114583333333333
3 0.578609375 0.25064583333333335 0.012703125000000001 0.04558333333333333
2 0.646484375 0.19075 0.060546875 0.09506250000000001
3 0.8696249999999999 0.3255208333333333 0.022453124999999997 0.044270833333333336
3 0.798828125 0.3398541666666667 0.017578125 0.044270833333333336
3 0.8530312500000001 0.4557291666666667 0.008796875 0.049479166666666664
3 0.9028281249999999 0.46029166666666665 0.026375 0.0481875
3 0.390625 0.3737083333333333 0.021484375 0.059895833333333336
3 0.4560625 0.3398541666666667 0.015625 0.049479166666666664