2 0.5579531249999999 0.6565833333333334 0.13273437500000002 0.32268749999999996
2 0.46401562500000004 0.38485416666666666 0.11159375 0.19089583333333332
2 0.314359375 0.5649791666666667 0.16625 0.2875416666666667
2 0.633703125 0.4343333333333333 0.10049999999999999 0.18639583333333334
2 0.906890625 0.9352291666666667 0.18221875 0.12129166666666666
2 0.753484375 0.298375 0.0821875 0.1680625
2 0.82296875 0.634875 0.14550000000000002 0.3156875
3 0.885921875 0.4158541666666667 0.04159375 0.06389583333333333
3 0.70003125 0.9442291666666667 0.052765625000000003 0.10454166666666667
2 0.11090625000000001 0.17977083333333335 0.06984375000000001 0.107625
2 0.6480312500000001 0.305 0.080234375 0.122875