1 0.780359375 0.4776458333333334 0.075765625 0.19683333333333333
1 0.613578125 0.6607708333333334 0.13896875 0.27256250000000004
0 0.2050625 0.601625 0.38621875 0.79675
2 0.348203125 0.13229166666666667 0.016375 0.06937499999999999
2 0.427078125 0.8115625000000001 0.0298125 0.1154375
2 0.421390625 0.6534583333333334 0.0361875 0.09754166666666667
2 0.8546875 0.46458333333333335 0.859375 0.46875 0.8625 0.47708333333333336 0.8625 0.51875 0.85 0.5145833333333333 0.8390625 0.5041666666666667 0.840625 0.47291666666666665 0.853125 0.4666666666666667
2 0.909375 0.53125 0.915625 0.55 0.915625 0.5708333333333333 0.9125 0.5770833333333333 0.9125 0.59375 0.90625 0.6 0.9015625 0.6125 0.896875 0.6125 0.890625 0.5791666666666667 0.890625 0.56875 0.8921875 0.5666666666666667 0.8921875 0.5375 0.890625 0.5333333333333333 0.89375 0.5270833333333333 0.9078125 0.53125
2 0.9984375 0.8875 0.9984375 0.9979166666666667 0.9765625 0.9979166666666667 0.9765625 0.9708333333333333 0.9796875 0.9604166666666667 0.98125 0.91875 0.9890625 0.8958333333333334 0.996875 0.8875
2 0.3515625 0.09583333333333334 0.3546875 0.1 0.3546875 0.11041666666666666 0.3578125 0.12083333333333333 0.3578125 0.15208333333333332 0.35625 0.15833333333333333 0.3515625 0.16458333333333333 0.340625 0.16458333333333333 0.3421875 0.11458333333333333 0.35 0.09791666666666667
2 0.434375 0.60625 0.4421875 0.6083333333333333 0.446875 0.6145833333333334 0.45 0.6270833333333333 0.453125 0.6291666666666667 0.453125 0.6395833333333333 0.4578125 0.65 0.459375 0.6875 0.45625 0.7041666666666667 0.45 0.71875 0.4484375 0.74375 0.4453125 0.7520833333333333 0.43125 0.7354166666666667 0.4296875 0.7291666666666666 0.425 0.7229166666666667 0.425 0.7166666666666667 0.415625 0.7041666666666667 0.4171875 0.7020833333333333 0.4078125 0.69375 0.4046875 0.6958333333333333 0.4015625 0.6916666666666667 0.4078125 0.6208333333333333 0.421875 0.6208333333333333 0.4265625 0.6104166666666667 0.4328125 0.60625
2 0.86875 0.44583333333333336 0.875 0.45416666666666666 0.8796875 0.45416666666666666 0.8828125 0.4479166666666667 0.8921875 0.45 0.8953125 0.45416666666666666 0.896875 0.46875 0.89375 0.48333333333333334 0.89375 0.4979166666666667 0.890625 0.50625 0.8859375 0.5104166666666666 0.88125 0.5020833333333333 0.86875 0.50625 0.8671875 0.5020833333333333 0.8671875 0.46041666666666664 0.865625 0.4583333333333333 0.865625 0.4479166666666667 0.8671875 0.4479166666666667
2 0.4625 0.58125 0.4671875 0.58125 0.4703125 0.5854166666666667 0.4875 0.5875 0.490625 0.5895833333333333 0.49375 0.6 0.49375 0.6145833333333334 0.490625 0.6229166666666667 0.4921875 0.6583333333333333 0.484375 0.6729166666666667 0.4765625 0.6770833333333334 0.4734375 0.6833333333333333 0.46875 0.6854166666666667 0.465625 0.68125 0.465625 0.6708333333333333 0.4703125 0.64375 0.4703125 0.6270833333333333 0.46875 0.625 0.4671875 0.59375 0.4625 0.5875 0.4625 0.5833333333333334
2 0.34375 0.12916666666666668 0.3578125 0.13333333333333333 0.3578125 0.15 0.3546875 0.1625 0.340625 0.16458333333333333 0.340625 0.14375 0.34375 0.13125
2 0.3828125 0.78125 0.3859375 0.7854166666666667 0.384375 0.7875 0.384375 0.7979166666666667 0.3859375 0.8 0.384375 0.8020833333333334 0.3875 0.80625 0.396875 0.8020833333333334 0.4 0.80625 0.4 0.8125 0.40625 0.8229166666666666 0.4046875 0.8270833333333333 0.409375 0.8333333333333334 0.4078125 0.84375 0.4109375 0.8541666666666666 0.4109375 0.8770833333333333 0.4125 0.8791666666666667 0.40625 0.8979166666666667 0.40625 0.9104166666666667 0.4140625 0.9270833333333334 0.415625 0.9375 0.4203125 0.94375 0.41875 0.99375 0.4140625 0.9979166666666667 0.4109375 0.9958333333333333 0.4078125 0.9979166666666667 0.3921875 0.9958333333333333 0.390625 0.99375 0.38125 0.99375 0.371875 0.9979166666666667 0.340625 0.9958333333333333 0.3375 0.9916666666666667 0.3359375 0.9833333333333333 0.3453125 0.96875 0.3453125 0.9583333333333334 0.3421875 0.95 0.34375 0.9416666666666667 0.3421875 0.93125 0.3453125 0.9166666666666666 0.3453125 0.9020833333333333 0.353125 0.8770833333333333 0.3546875 0.8583333333333333 0.3609375 0.8479166666666667 0.3625 0.8083333333333333 0.36875 0.8 0.3765625 0.7979166666666667 0.3828125 0.7833333333333333
2 0.4765625 0.81875 0.4953125 0.83125 0.49375 0.8645833333333334 0.4953125 0.8666666666666667 0.4953125 0.8854166666666666 0.4984375 0.89375 0.4984375 0.9166666666666666 0.4953125 0.9291666666666667 0.4890625 0.9416666666666667 0.4875 0.9520833333333333 0.4734375 0.9729166666666667 0.471875 0.99375 0.46875 0.9979166666666667 0.459375 0.9979166666666667 0.4578125 0.9958333333333333 0.45625 0.9854166666666667 0.4578125 0.9791666666666666 0.4578125 0.95 0.45625 0.9416666666666667 0.4515625 0.9333333333333333 0.4515625 0.9145833333333333 0.453125 0.9125 0.453125 0.8958333333333334 0.459375 0.8583333333333333 0.459375 0.8333333333333334 0.4625 0.8208333333333333 0.465625 0.8166666666666667 0.4734375 0.8166666666666667 0.475 0.81875
2 0.8078125 0.15625 0.8125 0.16666666666666666 0.8125 0.1875 0.8109375 0.19166666666666668 0.8015625 0.19166666666666668 0.7984375 0.18541666666666667 0.8 0.18125 0.7984375 0.17083333333333334 0.803125 0.15833333333333333 0.80625 0.15625
2 0 0.28958333333333336 0.0046875 0.28958333333333336 0.0109375 0.29375 0.025 0.3125 0.025 0.3229166666666667 0.0203125 0.32916666666666666 0 0.3416666666666667 0 0.2916666666666667
2 0.9640625 0.7729166666666667 0.9703125 0.7770833333333333 0.9765625 0.7875 0.9890625 0.7875 0.98125 0.81875 0.984375 0.83125 0.98125 0.85 0.98125 0.8770833333333333 0.978125 0.8833333333333333 0.98125 0.8854166666666666 0.98125 0.89375 0.9765625 0.9 0.9765625 0.9145833333333333 0.9640625 0.91875 0.959375 0.91875 0.9546875 0.9083333333333333 0.953125 0.8875 0.9453125 0.8604166666666667 0.9390625 0.8145833333333333 0.934375 0.7979166666666667 0.934375 0.7895833333333333 0.946875 0.7875 0.9484375 0.78125 0.9578125 0.76875 0.9625 0.7729166666666667
2 0.83125 0.18333333333333332 0.83125 0.22291666666666668 0.828125 0.22708333333333333 0.81875 0.22291666666666668 0.815625 0.21458333333333332 0.815625 0.19375 0.81875 0.18333333333333332 0.8234375 0.18125 0.8296875 0.18333333333333332
1 0.396875 0.27291666666666664 0.3859375 0.28541666666666665 0.4171875 0.3145833333333333 0.4140625 0.42083333333333334 0.421875 0.4583333333333333 0.4234375 0.5125 0.428125 0.5145833333333333 0.4453125 0.46458333333333335 0.4578125 0.45 0.4640625 0.4166666666666667 0.4640625 0.2916666666666667 0.45625 0.2791666666666667
1 0.765625 0.63125 0.7640625 0.6520833333333333 0.7890625 0.7520833333333333 0.80625 0.70625 0.8140625 0.7020833333333333 0.865625 0.7020833333333333 0.9109375 0.7270833333333333 0.9 0.6645833333333333 0.9 0.65 0.9109375 0.6416666666666667 0.9109375 0.6333333333333333 0.8984375 0.6208333333333333 0.865625 0.5229166666666667 0.81875 0.5083333333333333 0.7953125 0.5145833333333333 0.7796875 0.55
1 0.775 0.8708333333333333 0.771875 0.9458333333333333 0.7796875 0.98125 0.79375 0.9979166666666667 0.965625 0.99375 0.9765625 0.9458333333333333 0.96875 0.9270833333333334 0.9546875 0.9166666666666666 0.934375 0.8125 0.903125 0.7229166666666667 0.871875 0.7083333333333334 0.8125 0.7083333333333334 0.7890625 0.7645833333333333
1 0.5125 0.8666666666666667 0.4875 0.9854166666666667 0.48125 0.99375 0.6703125 0.9979166666666667 0.6671875 0.8729166666666667 0.6734375 0.8583333333333333 0.6609375 0.8458333333333333 0.6375 0.84375 0.615625 0.8208333333333333 0.6234375 0.80625 0.6078125 0.80625 0.590625 0.825 0.5734375 0.8270833333333333 0.5484375 0.7979166666666667 0.5359375 0.79375
1 0.7296875 0.34791666666666665 0.725 0.38958333333333334 0.7296875 0.42291666666666666 0.7609375 0.36875 0.790625 0.3729166666666667 0.80625 0.38333333333333336 0.796875 0.31875 0.784375 0.30625 0.7453125 0.30416666666666664
1 0.7140625 0.22291666666666668 0.715625 0.35833333333333334 0.7265625 0.37083333333333335 0.728125 0.3416666666666667 0.74375 0.3020833333333333 0.784375 0.3020833333333333 0.784375 0.2916666666666667 0.76875 0.24166666666666667 0.740625 0.22291666666666668
0 0.4890625 0.16666666666666666 0.4859375 0.18958333333333333 0.5015625 0.19583333333333333 0.50625 0.21041666666666667 0.5078125 0.3145833333333333 0.5390625 0.33125 0.559375 0.26458333333333334 0.5546875 0.22916666666666666 0.5609375 0.18125 0.55625 0.16458333333333333 0.54375 0.15625 0.5359375 0.1625 0.5078125 0.15625
0 0.415625 0.24375 0.4109375 0.26875 0.4640625 0.2875 0.465625 0.41458333333333336 0.4796875 0.4166666666666667 0.5046875 0.33541666666666664 0.5046875 0.20833333333333334 0.496875 0.19375 0.4484375 0.1875 0.4296875 0.20833333333333334
3 0.5671875 0.38958333333333334 0.565625 0.41041666666666665 0.5796875 0.4395833333333333 0.5765625 0.51875 0.5828125 0.53125 0.60625 0.5041666666666667 0.6171875 0.5020833333333333 0.684375 0.51875 0.7 0.4395833333333333 0.69375 0.38333333333333336 0.7015625 0.29583333333333334 0.6984375 0.23333333333333334 0.64375 0.22291666666666668 0.6328125 0.19166666666666668 0.6078125 0.21666666666666667 0.6 0.21458333333333332 0.5859375 0.26875 0.58125 0.3645833333333333
