4 0.654296875 0.3033958333333333 0.095703125 0.2552083333333333
2 0.8042031250000001 0.6862083333333333 0.13379687499999998 0.2864583333333333
3 0.947265625 0.6132916666666667 0.025390625 0.15625
3 0.8989218749999999 0.6608125 0.026375 0.1575625
3 0.544921875 0.4414166666666667 0.033203125 0.1328125
2 0.309078125 0.5826875 0.15723437499999998 0.2825625
3 0.434578125 0.5950624999999999 0.060546875 0.17708333333333334
3 0.3154375 0.918625 0.0546875 0.14454166666666665
3 0.399421875 0.9368541666666667 0.064453125 0.1263125
3 0.237796875 0.8528749999999999 0.055671875 0.14583333333333334
3 0.185546875 0.2721458333333333 0.02734375 0.10416666666666667
3 0.060546875 0.3619791666666667 0.029296875 0.09895833333333333
3 0.09326562499999999 0.29752083333333335 0.028328125 0.08204166666666667
3 0.04296875 0.26497916666666665 0.029296875 0.07943750000000001
3 0.018562500000000003 0.35481250000000003 0.021484375 0.08725000000000001
3 0.521 0.6048125 0.03028125 0.11329166666666667
2 0.602546875 0.69075 0.111328125 0.3163958333333333
2 0.463875 0.3333333333333333 0.072265625 0.15885416666666666
4 0.394046875 0.40820833333333334 0.11425 0.196625
2 0.7734375 0.5 0.134765625 0.14583333333333334
2 0.763671875 0.37174999999999997 0.0859375 0.10287500000000001
2 0.7631875 0.2890625 0.08301562500000001 0.11458333333333333
2 0.745125 0.21745833333333334 0.0546875 0.09635416666666667
2 0.261234375 0.27018749999999997 0.034187499999999996 0.07422916666666667
2 0.511234375 0.21679166666666666 0.07520312500000001 0.11329166666666667
2 0.546875 0.1796875 0.06640625 0.1171875
2 0.087890625 0.8190208333333333 0.060546875 0.09895833333333333
2 0.151859375 0.8795625 0.057625 0.17579166666666665
2 0.07568749999999999 0.9368541666666667 0.06739062500000001 0.1263125