1 0.135453125 0.26239583333333333 0.12321875 0.15802083333333333
1 0.8038125 0.48166666666666663 0.10004687500000001 0.20441666666666666
0 0.7450625 0.224625 0.065828125 0.10395833333333333
1 0.95471875 0.5495208333333333 0.08325 0.23808333333333334
1 0.295484375 0.5983750000000001 0.160890625 0.31654166666666667
2 0.120078125 0.957125 0.046890625000000005 0.08574999999999999
2 0.276578125 0.8674583333333333 0.035671875 0.12320833333333334
2 0.091875 0.84175 0.030875000000000003 0.10483333333333333
2 0.889671875 0.49766666666666665 0.02215625 0.065125
0 0.3828125 0.28125 0.378125 0.3333333333333333 0.3859375 0.35625 0.3796875 0.41041666666666665 0.3859375 0.4354166666666667 0.384375 0.4708333333333333 0.3984375 0.5166666666666667 0.4390625 0.5354166666666667 0.4703125 0.5354166666666667 0.5 0.5520833333333334 0.5109375 0.5291666666666667 0.5140625 0.49375 0.525 0.48333333333333334 0.540625 0.3854166666666667 0.553125 0.35833333333333334 0.553125 0.15416666666666667 0.528125 0.13541666666666666 0.4578125 0.13541666666666666 0.3984375 0.20833333333333334
2 0.5484375 0.5166666666666667 0.5421875 0.5354166666666667 0.509375 0.5625 0.5125 0.5833333333333334 0.5203125 0.5916666666666667 0.5125 0.675 0.5234375 0.73125 0.5328125 0.725 0.55 0.6854166666666667 0.546875 0.6083333333333333 0.559375 0.5208333333333334
2 0.8890625 0.3229166666666667 0.8875 0.38333333333333336 0.89375 0.39791666666666664 0.9 0.39791666666666664 0.9078125 0.3770833333333333 0.9078125 0.33125 0.8984375 0.31666666666666665
2 0.9109375 0.9145833333333333 0.896875 0.9208333333333333 0.9015625 0.9875 0.9078125 0.9979166666666667 0.9390625 0.9979166666666667 0.9390625 0.96875 0.9515625 0.95 0.95625 0.9208333333333333 0.9484375 0.9104166666666667
2 0.4828125 0.8645833333333334 0.4875 0.8979166666666667 0.534375 0.9 0.5375 0.85625 0.5328125 0.7979166666666667 0.525 0.7791666666666667 0.5078125 0.7791666666666667
2 0.0171875 0.9166666666666666 0.021875 0.9416666666666667 0.0140625 0.9979166666666667 0.0640625 0.9916666666666667 0.0734375 0.95625 0.0703125 0.9416666666666667 0.0359375 0.9291666666666667 0.040625 0.9104166666666667 0.0359375 0.91875 0.025 0.9104166666666667
3 0.5515625 0.6083333333333333 0.5609375 0.81875 0.584375 0.8291666666666667 0.596875 0.8604166666666667 0.59375 0.8833333333333333 0.6 0.8875 0.6265625 0.8583333333333333 0.6390625 0.8645833333333334 0.6546875 0.8875 0.68125 0.8791666666666667 0.709375 0.8375 0.70625 0.7729166666666667 0.7234375 0.7416666666666667 0.73125 0.7166666666666667 0.7265625 0.7 0.7390625 0.68125 0.7328125 0.6333333333333333 0.7453125 0.47291666666666665 0.7328125 0.38958333333333334 0.7328125 0.2520833333333333 0.7234375 0.26875 0.70625 0.27708333333333335 0.6890625 0.26666666666666666 0.65625 0.26458333333333334 0.6046875 0.2375 0.5984375 0.31666666666666665 0.5921875 0.3229166666666667 0.5640625 0.4395833333333333 0.5609375 0.5541666666666667
1 0.7546875 0.68125 0.75625 0.7083333333333334 0.746875 0.7354166666666667 0.746875 0.7604166666666666 0.7515625 0.7833333333333333 0.7625 0.7979166666666667 0.7546875 0.8145833333333333 0.7640625 0.85625 0.775 0.8708333333333333 0.7875 0.84375 0.80625 0.84375 0.8171875 0.86875 0.8203125 0.9 0.8390625 0.9125 0.8578125 0.9125 0.9015625 0.8395833333333333 0.928125 0.8229166666666666 0.928125 0.7916666666666666 0.9046875 0.6666666666666666 0.878125 0.59375 0.8171875 0.5770833333333333 0.7859375 0.5854166666666667 0.7765625 0.5979166666666667 0.765625 0.6583333333333333
