1 0.7708125 0.35095833333333337 0.07710937500000001 0.14658333333333334
1 0.860265625 0.602375 0.133125 0.2771458333333333
1 0.645203125 0.7226874999999999 0.13864062500000002 0.3967708333333333
1 0.659 0.4683541666666667 0.09623437500000001 0.1426875
2 0.20006249999999998 0.67675 0.0443125 0.11364583333333332
2 0.028640624999999996 0.9491458333333332 0.056343750000000005 0.1016875
2 0.09778125 0.7103125 0.025578125 0.10600000000000001
2 0.953328125 0.6560833333333334 0.033140625 0.111125
2 0.36409375 0.1188125 0.0196875 0.07329166666666667
2 0.547671875 0.5341041666666667 0.03771875 0.10222916666666666
3 0.265625 0.49583333333333335 0.265625 0.5145833333333333 0.2734375 0.525 0.265625 0.5354166666666667 0.271875 0.5520833333333334 0.271875 0.6416666666666667 0.2578125 0.675 0.253125 0.7208333333333333 0.2578125 0.75625 0.2703125 0.76875 0.3265625 0.7854166666666667 0.4078125 0.7958333333333333 0.43125 0.74375 0.4640625 0.7291666666666666 0.475 0.6479166666666667 0.4953125 0.64375 0.5015625 0.6333333333333333 0.5125 0.53125 0.50625 0.5145833333333333 0.5125 0.5083333333333333 0.5125 0.49166666666666664 0.5484375 0.4354166666666667 0.540625 0.31875 0.5265625 0.3 0.484375 0.2916666666666667 0.4625 0.32708333333333334 0.4421875 0.33958333333333335 0.3875 0.34791666666666665 0.3765625 0.35833333333333334 0.33125 0.35 0.303125 0.3645833333333333 0.29375 0.38125 0.290625 0.41458333333333336 0.2703125 0.44166666666666665
1 0.4921875 0.23958333333333334 0.490625 0.275 0.496875 0.2708333333333333 0.521875 0.29583333333333334 0.5578125 0.29583333333333334 0.559375 0.21666666666666667 0.553125 0.19375 0.525 0.18333333333333332 0.5125 0.1875
1 0.4875 0.16458333333333333 0.4859375 0.22291666666666668 0.490625 0.23333333333333334 0.5078125 0.19375 0.540625 0.18333333333333332 0.5390625 0.13958333333333334 0.534375 0.1375 0.5 0.14166666666666666
1 0.6296875 0.3 0.628125 0.3229166666666667 0.6765625 0.33958333333333335 0.684375 0.3729166666666667 0.6953125 0.37083333333333335 0.7 0.30833333333333335 0.6921875 0.24375 0.684375 0.23125 0.646875 0.22916666666666666
1 0.59375 0.42916666666666664 0.5921875 0.47291666666666665 0.6046875 0.48125 0.6265625 0.4041666666666667 0.65 0.39375 0.6921875 0.39791666666666664 0.675 0.34375 0.659375 0.3333333333333333 0.621875 0.32916666666666666 0.596875 0.38125 0.6 0.4041666666666667
3 0.75 0.38333333333333336 0.7453125 0.5291666666666667 0.759375 0.6 0.771875 0.6166666666666667 0.7890625 0.45625 0.80625 0.45208333333333334 0.8671875 0.46458333333333335 0.86875 0.4479166666666667 0.859375 0.40625 0.8390625 0.39791666666666664 0.828125 0.37916666666666665 0.753125 0.375
2 0.2125 0.91875 0.196875 0.925 0.2 0.9979166666666667 0.246875 0.9979166666666667 0.2421875 0.9583333333333334 0.2578125 0.95 0.259375 0.9375 0.2359375 0.9208333333333333
2 0.121875 0.6958333333333333 0.121875 0.7145833333333333 0.1421875 0.7125 0.140625 0.6958333333333333
2 0.48125 0.7166666666666667 0.4890625 0.7354166666666667 0.4890625 0.7645833333333333 0.4796875 0.7833333333333333 0.4796875 0.8291666666666667 0.4921875 0.8770833333333333 0.5078125 0.8895833333333333 0.5328125 0.8625 0.5359375 0.8104166666666667 0.53125 0.78125 0.5390625 0.7375 0.5 0.7145833333333333
2 0.8796875 0.4041666666666667 0.8765625 0.4375 0.8828125 0.4625 0.896875 0.4708333333333333 0.9046875 0.4583333333333333 0.9 0.4041666666666667
2 0.9515625 0.5458333333333333 0.953125 0.5875 0.9734375 0.6166666666666667 0.984375 0.5458333333333333 0.98125 0.5145833333333333 0.959375 0.5145833333333333
0 0.53 0.21670833333333334 0.10304687500000001 0.19170833333333331