3 0.510453125 0.23816666666666667 0.10240625 0.22139583333333332
1 0.599609375 0.4431041666666667 0.10271875 0.22039583333333335
2 0.657875 0.9656666666666667 0.059140625 0.0686875
1 0.6287812500000001 0.28808333333333336 0.081984375 0.126125
2 0.48815625 0.9049166666666667 0.05065625 0.14
2 0.158625 0.7249583333333334 0.035640624999999995 0.06620833333333334
2 0.9338906250000001 0.46189583333333334 0.03128125 0.09679166666666666
2 0.484875 0.5947291666666668 0.023328124999999998 0.10035416666666667
1 0.3 0.44583333333333336 0.309375 0.4791666666666667 0.2921875 0.5770833333333333 0.303125 0.6083333333333333 0.3515625 0.6208333333333333 0.359375 0.6166666666666667 0.3625 0.5854166666666667 0.3734375 0.5645833333333333 0.3875 0.575 0.43125 0.5666666666666667 0.45 0.48541666666666666 0.45 0.32708333333333334 0.44375 0.31875 0.375 0.30416666666666664 0.3546875 0.3125 0.3265625 0.3541666666666667 0.328125 0.39166666666666666
1 0.7375 0.47708333333333336 0.740625 0.6395833333333333 0.7546875 0.6479166666666667 0.7671875 0.6375 0.821875 0.6479166666666667 0.8421875 0.6645833333333333 0.8484375 0.65625 0.859375 0.59375 0.8578125 0.48333333333333334 0.85 0.45208333333333334 0.81875 0.4375 0.759375 0.43125 0.7546875 0.4479166666666667 0.7390625 0.4583333333333333
1 0.709375 0.31875 0.703125 0.3458333333333333 0.70625 0.41875 0.725 0.43125 0.75625 0.42916666666666664 0.7734375 0.4166666666666667 0.7796875 0.4083333333333333 0.7828125 0.3625 0.7640625 0.30416666666666664 0.7296875 0.29583333333333334 0.71875 0.3
1 0.703125 0.17708333333333334 0.69375 0.23958333333333334 0.696875 0.3 0.7125 0.30416666666666664 0.734375 0.28125 0.7515625 0.28958333333333336 0.753125 0.24583333333333332 0.7421875 0.20208333333333334 0.7375 0.19166666666666668 0.72734375 0.19375
1 0.6234375 0.18541666666666667 0.6171875 0.20625 0.6078125 0.21458333333333332 0.6125 0.22291666666666668 0.609375 0.24583333333333332 0.63125 0.22916666666666666 0.66875 0.23333333333333334 0.671875 0.21666666666666667 0.6578125 0.18125 0.63125 0.17708333333333334
1 0.565625 0.13333333333333333 0.565625 0.17291666666666666 0.5828125 0.2125 0.596875 0.21875 0.6109375 0.17708333333333334 0.60625 0.13958333333333334 0.5890625 0.12291666666666666
2 0.321875 0.7729166666666667 0.3296875 0.8041666666666667 0.3234375 0.81875 0.3234375 0.9479166666666666 0.3328125 0.9666666666666667 0.365625 0.9291666666666667 0.371875 0.8854166666666666 0.38125 0.8708333333333333 0.3578125 0.7854166666666667
2 0.071875 0.9520833333333333 0.065625 0.9791666666666666 0.0703125 0.9979166666666667 0.1515625 0.9979166666666667 0.15 0.9479166666666666 0.1296875 0.9125 0.1109375 0.9125 0.1046875 0.8958333333333334 0.1109375 0.8833333333333333 0.08125 0.925
2 0.8828125 0.59375 0.8796875 0.6604166666666667 0.8859375 0.6729166666666667 0.9171875 0.6854166666666667 0.934375 0.5916666666666667 0.8984375 0.5770833333333333
2 0.8640625 0.7041666666666667 0.859375 0.7375 0.8671875 0.7916666666666666 0.8765625 0.8083333333333333 0.89375 0.8104166666666667 0.9109375 0.7270833333333333 0.9 0.6541666666666667 0.8796875 0.6541666666666667
2 0.934375 0.54375 0.940625 0.6104166666666667 0.9484375 0.6145833333333334 0.9578125 0.5875 0.95625 0.5416666666666666 0.9421875 0.5333333333333333
2 0.86875 0.4979166666666667 0.8625 0.525 0.8625 0.5875 0.86875 0.6145833333333334 0.875 0.6145833333333334 0.8921875 0.5583333333333333 0.8921875 0.51875 0.8796875 0.5
2 0.8125 0.38125 0.8125 0.41458333333333336 0.81875 0.42291666666666666 0.840625 0.4270833333333333 0.8453125 0.36875 0.8265625 0.3416666666666667 0.825 0.35833333333333334 0.8171875 0.3625
2 0.86875 0.41041666666666665 0.871875 0.4395833333333333 0.8828125 0.4354166666666667 0.8875 0.41458333333333336
2 0.86875 0.4395833333333333 0.8671875 0.45625 0.875 0.4625 0.8859375 0.50625 0.8984375 0.5125 0.9046875 0.49166666666666664 0.9015625 0.45208333333333334 0.890625 0.4354166666666667
2 0.7734375 0.3145833333333333 0.775 0.3375 0.7859375 0.3375 0.7859375 0.31666666666666665
