3 0.621109375 0.6063333333333334 0.178578125 0.6018333333333333
1 0.773328125 0.415375 0.09867187499999999 0.21360416666666668
1 0.471703125 0.40552083333333333 0.08495312499999999 0.20416666666666666
2 0.33220312500000004 0.9449583333333333 0.065078125 0.10493749999999999
2 0.325328125 0.8151666666666666 0.048078125 0.11145833333333334
2 0.8489218749999999 0.6897916666666667 0.037765625000000004 0.12458333333333332
1 0.6855625 0.252125 0.060828125 0.12275
2 0.8453125 0.40208333333333335 0.8515625 0.4041666666666667 0.8546875 0.4083333333333333 0.8546875 0.42916666666666664 0.8515625 0.4395833333333333 0.846875 0.47708333333333336 0.84375 0.48541666666666666 0.8375 0.48333333333333334 0.83125 0.46875 0.83125 0.42083333333333334 0.8328125 0.41041666666666665 0.834375 0.40625 0.84375 0.40208333333333335
2 0.7984375 0.3 0.8 0.3020833333333333 0.8 0.33125 0.796875 0.33541666666666664 0.7828125 0.3333333333333333 0.7796875 0.32916666666666666 0.7796875 0.3 0.78125 0.29791666666666666 0.7953125 0.29791666666666666 0.796875 0.3
2 0.83125 0.26875 0.8328125 0.2708333333333333 0.8359375 0.26875 0.840625 0.2708333333333333 0.8453125 0.28541666666666665 0.84375 0.3020833333333333 0.840625 0.3104166666666667 0.840625 0.3229166666666667 0.8375 0.3333333333333333 0.8359375 0.33541666666666664 0.83125 0.3333333333333333 0.8265625 0.3104166666666667 0.8265625 0.275 0.8296875 0.2708333333333333
2 0.6390625 0.15208333333333332 0.6421875 0.15416666666666667 0.64375 0.16041666666666668 0.64375 0.18333333333333332 0.6421875 0.19166666666666668 0.6390625 0.19583333333333333 0.6328125 0.19375 0.63125 0.17291666666666666 0.6296875 0.17083333333333334 0.63125 0.15416666666666667 0.6375 0.15208333333333332
2 0.603125 0.19166666666666668 0.60625 0.19583333333333333 0.6078125 0.22291666666666668 0.60625 0.225 0.60625 0.2375 0.5984375 0.2520833333333333 0.5921875 0.25 0.590625 0.24583333333333332 0.590625 0.2 0.5953125 0.18958333333333333 0.6015625 0.19166666666666668
2 0.746875 0.5895833333333333 0.7625 0.5958333333333333 0.7640625 0.6041666666666666 0.7625 0.60625 0.7625 0.6395833333333333 0.7515625 0.6770833333333334 0.7515625 0.6895833333333333 0.753125 0.6916666666666667 0.740625 0.73125 0.734375 0.7291666666666666 0.728125 0.7145833333333333 0.7265625 0.6916666666666667 0.725 0.6895833333333333 0.725 0.6625 0.7265625 0.6604166666666667 0.725 0.65 0.728125 0.6395833333333333 0.7296875 0.5958333333333333 0.7328125 0.5916666666666667 0.7453125 0.5895833333333333
2 0.8828125 0.6229166666666667 0.896875 0.63125 0.9171875 0.6333333333333333 0.9203125 0.6395833333333333 0.91875 0.6416666666666667 0.9171875 0.66875 0.9140625 0.6770833333333334 0.9140625 0.6875 0.9078125 0.7041666666666667 0.903125 0.725 0.9015625 0.7583333333333333 0.9 0.7645833333333333 0.8953125 0.7666666666666667 0.8890625 0.7583333333333333 0.8859375 0.725 0.878125 0.7041666666666667 0.875 0.6875 0.875 0.6625 0.88125 0.65 0.8828125 0.625
2 0.521875 0.33958333333333335 0.534375 0.35208333333333336 0.5359375 0.36041666666666666 0.5359375 0.40625 0.53125 0.42083333333333334 0.5296875 0.42291666666666666 0.525 0.42083333333333334 0.521875 0.40208333333333335 0.5203125 0.3416666666666667
2 0.89375 0.5291666666666667 0.8984375 0.5270833333333333 0.9078125 0.5479166666666667 0.915625 0.5479166666666667 0.9171875 0.55 0.93125 0.5479166666666667 0.9359375 0.5541666666666667 0.9390625 0.5854166666666667 0.9421875 0.5916666666666667 0.9421875 0.6020833333333333 0.9390625 0.6083333333333333 0.9375 0.6291666666666667 0.925 0.6270833333333333 0.9203125 0.6041666666666666 0.9109375 0.5833333333333334 0.909375 0.5604166666666667 0.9015625 0.55 0.8953125 0.55 0.89375 0.53125
2 0.61875 0.10625 0.621875 0.11041666666666666 0.6234375 0.11875 0.621875 0.12083333333333333 0.621875 0.13125 0.6171875 0.13958333333333334 0.6125 0.1375 0.6125 0.12291666666666666 0.6109375 0.12083333333333333 0.6125 0.11041666666666666 0.6171875 0.10625
2 0.98203125 0.5916666666666667 0.0359375 0.12083333333333333
2 0.7953125 0.20833333333333334 0.8 0.21041666666666667 0.803125 0.22916666666666666 0.803125 0.24583333333333332 0.7984375 0.25 0.7890625 0.25 0.7875 0.24583333333333332 0.7890625 0.21458333333333332 0.79375 0.20833333333333334
2 0.928125 0.7875 0.9328125 0.7854166666666667 0.953125 0.7854166666666667 0.9546875 0.7875 0.9734375 0.7895833333333333 0.9765625 0.80625 0.9734375 0.8166666666666667 0.9734375 0.83125 0.96875 0.8520833333333333 0.96875 0.86875 0.9640625 0.88125 0.9625 0.8958333333333334 0.95625 0.9125 0.953125 0.9395833333333333 0.9484375 0.95 0.9421875 0.9520833333333333 0.9375 0.9458333333333333 0.934375 0.9333333333333333 0.9328125 0.8833333333333333 0.93125 0.88125 0.9328125 0.875 0.9296875 0.8583333333333333 0.9296875 0.8458333333333333 0.9328125 0.8416666666666667 0.9328125 0.8291666666666667 0.9296875 0.825 0.925 0.80625 0.928125 0.7895833333333333
2 0.77734375 0.19375 0.0140625 0.0375
1 0.50625 0.22916666666666666 0.509375 0.2791666666666667 0.528125 0.27708333333333335 0.5359375 0.2916666666666667 0.5546875 0.2833333333333333 0.5640625 0.29583333333333334 0.578125 0.2625 0.5796875 0.2125 0.5734375 0.17291666666666666 0.565625 0.16458333333333333 0.53125 0.16458333333333333 0.5109375 0.19583333333333333
3 0.684375 0.11875 0.6828125 0.175 0.690625 0.1875 0.7109375 0.19583333333333333 0.7265625 0.24375 0.740625 0.2520833333333333 0.746875 0.22916666666666666 0.74375 0.12916666666666668 0.7375 0.11875 0.725 0.12708333333333333 0.7015625 0.09791666666666667 0.690625 0.09791666666666667
0 0.557359375 0.18791666666666668 0.094453125 0.1445