1 0.378421875 0.5612708333333334 0.142 0.31633333333333336
1 0.4579375 0.3765833333333333 0.094875 0.17666666666666667
1 0.714984375 0.25516666666666665 0.062046875 0.13874999999999998
1 0.6095625 0.2475625 0.08128125 0.145375
2 0.674265625 0.42716666666666664 0.023734375 0.08279166666666667
2 0.875421875 0.39589583333333334 0.015421874999999998 0.05514583333333333
2 0.834171875 0.6135625 0.022328124999999997 0.09456250000000001
2 0.636765625 0.3551458333333333 0.017984375 0.08637500000000001
2 0.87915625 0.7173541666666666 0.03621875 0.12310416666666667
2 0.675453125 0.32295833333333335 0.017937500000000002 0.049562499999999995
2 0.882640625 0.499875 0.018359375 0.06664583333333333
1 0.4625 0.6875 0.46875 0.7291666666666666 0.4671875 0.8104166666666667 0.4609375 0.8291666666666667 0.48125 0.8645833333333334 0.484375 0.8833333333333333 0.521875 0.9104166666666667 0.575 0.9104166666666667 0.5875 0.9270833333333334 0.6 0.9166666666666666 0.603125 0.925 0.6203125 0.9166666666666666 0.6359375 0.8708333333333333 0.6359375 0.8395833333333333 0.653125 0.7625 0.66875 0.7541666666666667 0.65625 0.7145833333333333 0.6625 0.48541666666666666 0.6578125 0.43125 0.65 0.41041666666666665 0.5671875 0.39166666666666666 0.5359375 0.3958333333333333 0.4765625 0.6395833333333333 0.4765625 0.66875
3 0.0046875 0.8270833333333333 0 0.84375 0 0.9979166666666667 0.2921875 0.9979166666666667 0.3046875 0.9395833333333333 0.3234375 0.8895833333333333 0.3296875 0.8354166666666667 0.3296875 0.7583333333333333 0.3265625 0.725 0.3171875 0.7125 0.3171875 0.68125 0.3140625 0.6708333333333333 0.3 0.6625 0.2703125 0.6833333333333333 0.2390625 0.6791666666666667 0.21875 0.7020833333333333 0.215625 0.7208333333333333 0.1953125 0.7520833333333333 0.1390625 0.7270833333333333 0.1375 0.7083333333333334 0.1265625 0.70625 0.1046875 0.7354166666666667 0.1 0.7541666666666667 0.05 0.76875 0.0375 0.7854166666666667 0.0328125 0.8083333333333333
3 0.69375 0.3645833333333333 0.69375 0.4791666666666667 0.703125 0.5583333333333333 0.71875 0.5625 0.73125 0.5291666666666667 0.74375 0.53125 0.759375 0.5770833333333333 0.778125 0.5979166666666667 0.79375 0.5645833333333333 0.803125 0.4895833333333333 0.8 0.3625 0.796875 0.3541666666666667 0.709375 0.3333333333333333 0.696875 0.34791666666666665
1 0.5171875 0.13958333333333334 0.5015625 0.16041666666666668 0.503125 0.1875 0.5296875 0.2125 0.5515625 0.20416666666666666 0.5609375 0.17916666666666667 0.553125 0.13958333333333334 0.54375 0.13333333333333333
1 0.6109375 0.15625 0.6109375 0.18541666666666667 0.6390625 0.2 0.659375 0.19375 0.659375 0.15 0.6515625 0.1375 0.6265625 0.13125
1 0.6859375 0.14375 0.69375 0.18541666666666667 0.7265625 0.17708333333333334 0.7234375 0.13541666666666666 0.6953125 0.12916666666666668
1 0.5625 0.33125 0.5546875 0.36041666666666666 0.5390625 0.38333333333333336 0.5421875 0.3875 0.5875 0.39166666666666666 0.6046875 0.40208333333333335 0.6421875 0.39791666666666664 0.6234375 0.33541666666666664 0.5953125 0.32708333333333334
2 0.503125 0.3020833333333333 0.5015625 0.32708333333333334 0.5140625 0.36875 0.525 0.35208333333333336 0.528125 0.3104166666666667 0.515625 0.29583333333333334
2 0.7078125 0.64375 0.70625 0.68125 0.715625 0.7333333333333333 0.7234375 0.74375 0.734375 0.7375 0.75 0.6916666666666667 0.7546875 0.6229166666666667 0.74375 0.6125 0.7140625 0.60625
2 0.7578125 0.7604166666666666 0.7578125 0.81875 0.7703125 0.8583333333333333 0.778125 0.9270833333333334 0.790625 0.8979166666666667 0.8015625 0.79375 0.809375 0.7708333333333334 0.7875 0.7541666666666667
2 0.8953125 0.5854166666666667 0.8953125 0.6375 0.9078125 0.6479166666666667 0.925 0.64375 0.9171875 0.5791666666666667 0.909375 0.5729166666666666
2 0.9578125 0.6666666666666666 0.9484375 0.7395833333333334 0.9546875 0.75 0.99375 0.7416666666666667 0.9828125 0.6541666666666667 0.965625 0.65
2 0.8203125 0.45 0.81875 0.5541666666666667 0.8234375 0.5583333333333333 0.8328125 0.5458333333333333 0.8546875 0.54375 0.8515625 0.5 0.85625 0.46875 0.8421875 0.41458333333333336 0.83125 0.42083333333333334 0.83125 0.4375
2 0.8953125 0.5166666666666667 0.9 0.55625 0.915625 0.5604166666666667 0.925 0.5854166666666667 0.9234375 0.5395833333333333 0.93125 0.4979166666666667 0.915625 0.46458333333333335 0.9171875 0.45 0.9109375 0.45 0.9140625 0.4583333333333333 0.9046875 0.4708333333333333
2 0.8015625 0.3020833333333333 0.8109375 0.3875 0.8265625 0.3625 0.828125 0.3229166666666667 0.8109375 0.29791666666666666
2 0.921875 0.8270833333333333 0.9234375 0.8822916666666667 0.915625 0.9208333333333333 0.9328125 0.9479166666666666 0.9265625 0.9958333333333333 0.96875 0.9979166666666667 0.9828125 0.9125 0.978125 0.8604166666666667 0.9734375 0.84375 0.9609375 0.8333333333333334 0.959375 0.7958333333333333 0.95 0.7854166666666667 0.9375 0.7958333333333333
2 0.8 0.8416666666666667 0.796875 0.925 0.80625 0.99375 0.8546875 0.9979166666666667 0.8546875 0.95625 0.8640625 0.9291666666666667 0.86875 0.8645833333333334 0.8515625 0.8 0.8296875 0.78125 0.8234375 0.80625
2 0.934375 0.60625 0.9359375 0.6458333333333334 0.9546875 0.64375 0.971875 0.5770833333333333 0.9671875 0.525 0.9609375 0.51875 0.9375 0.56875
2 0.83125 0.33958333333333335 0.8328125 0.4125 0.84375 0.41875 0.846875 0.37083333333333335 0.8375 0.33541666666666664
2 0.7734375 0.29583333333333334 0.775 0.3333333333333333 0.7828125 0.3458333333333333 0.790625 0.3458333333333333 0.790625 0.29791666666666666 0.7859375 0.2916666666666667
2 0.5171875 0.24375 0.5203125 0.2916666666666667 0.534375 0.3125 0.546875 0.26666666666666666 0.5390625 0.21458333333333332 0.5265625 0.22291666666666668
2 0.490625 0.22708333333333333 0.4890625 0.2708333333333333 0.5015625 0.28958333333333336 0.51875 0.22291666666666668 0.5078125 0.19375
