2 0.309578125 0.6074166666666667 0.142578125 0.3450416666666667
2 0.479984375 0.4947916666666667 0.11621875 0.18489583333333334
2 0.44775 0.32227083333333334 0.09667187499999999 0.11850000000000001
2 0.483890625 0.24610416666666665 0.057625 0.10677083333333333
2 0.66015625 0.6445416666666667 0.134765625 0.3125
2 0.87890625 0.8020833333333334 0.123046875 0.3020833333333333
2 0.797359375 0.6106874999999999 0.11621875 0.15104166666666666
2 0.63671875 0.4231875 0.109375 0.15625
2 0.623046875 0.31054166666666666 0.07421875 0.09506250000000001
4 0.651859375 0.2233125 0.09278125000000001 0.2044375
2 0.744625 0.33397916666666666 0.06934375000000001 0.12110416666666667
2 0.766109375 0.4648541666666667 0.08692187500000001 0.125
3 0.813484375 0.3046875 0.029296875 0.08333333333333333
3 0.8676718749999999 0.4882916666666667 0.041999999999999996 0.1171875
3 0.9086874999999999 0.6113333333333333 0.043937500000000004 0.11847916666666666
4 0.550296875 0.203125 0.06739062500000001 0.16927083333333334
2 0.23584375 0.22070833333333334 0.10059375 0.10547916666666667
2 0.055171875 0.21939583333333335 0.09864062500000001 0.11850000000000001