4 0.34584375 0.5103125 0.26232812499999997 0.60875
2 0.796578125 0.5362083333333333 0.11525 0.2652291666666667
4 0.66090625 0.3036041666666666 0.113015625 0.2885
3 0.18446875000000001 0.9630416666666667 0.051734375 0.07360416666666666
3 0.909078125 0.6996875 0.042359375 0.12960416666666666
3 0.9316093750000001 0.5490833333333334 0.017374999999999998 0.07225
2 0.63965625 0.518875 0.087890625 0.14714583333333334
2 0.606453125 0.7128958333333333 0.109375 0.2695416666666667
1 0.48828125 0.3828125 0.0546875 0.2708333333333333
3 0.54834375 0.3867291666666667 0.018562500000000003 0.07291666666666667
3 0.46728125 0.7369791666666666 0.047859374999999996 0.11197916666666667
3 0.3100625 0.9550833333333333 0.05371875 0.08985416666666667
3 0.42040625 0.9583333333333334 0.045906249999999996 0.08333333333333333
3 0.525875 0.9707083333333333 0.043953124999999996 0.058604166666666666
3 0.9741250000000001 0.7604166666666666 0.03028125 0.09375
3 0.8676718749999999 0.3515625 0.018562500000000003 0.044270833333333336
3 0.8168906249999999 0.2721458333333333 0.012703125000000001 0.046875
3 0.789546875 0.1888125 0.014656250000000001 0.0390625
3 0.9404375 0.9570416666666667 0.03515625 0.08333333333333333
3 0.57715625 0.30143749999999997 0.015625 0.05339583333333333
2 0.55615625 0.21289583333333334 0.055671875 0.10547916666666667
3 0.037593749999999995 0.9108125 0.032234374999999996 0.09766666666666667
3 0.18115625 0.8691458333333333 0.024421875000000003 0.09245833333333334