3 0.95153125 0.5967916666666666 0.030328125 0.10925
3 0.77640625 0.4221875 0.029656250000000002 0.08589583333333332
3 0.51403125 0.3712708333333333 0.025484374999999997 0.08495833333333333
3 0.8750937499999999 0.53625 0.024046875000000002 0.0865625
3 0.596578125 0.47408333333333336 0.025875 0.08285416666666667
3 0.4528125 0.7047291666666666 0.03253125 0.11610416666666666
3 0.55059375 0.6268541666666666 0.054484374999999995 0.1164375
3 0.7874531250000001 0.32208333333333333 0.01678125 0.052458333333333336
3 0.73665625 0.7056666666666668 0.042984375000000005 0.12272916666666665
3 0.891421875 0.9171041666666666 0.060250000000000005 0.1607916666666667
3 0.9514374999999999 0.8627708333333334 0.0556875 0.14
2 0.3616875 0.10577083333333334 0.056765625 0.07283333333333333
3 0.8061718750000001 0.2749166666666667 0.012578125 0.0330625
0 0.213375 0.6809999999999999 0.286125 0.6380208333333334
3 0.440921875 0.5598958333333334 0.026375 0.06770833333333333
3 0.466796875 0.42643749999999997 0.025390625 0.06641666666666667
3 0.661140625 0.4791666666666667 0.02734375 0.08072916666666667
4 0.51465625 0.227875 0.083984375 0.1640625
2 0.630859375 0.27279166666666665 0.046875 0.11850000000000001
2 0.72509375 0.28060416666666665 0.049812499999999996 0.11589583333333334
3 0.8207968749999999 0.62825 0.024406249999999997 0.07681249999999999
3 0.711921875 0.862625 0.0390625 0.12370833333333334
3 0.6435625 0.7884166666666667 0.052734375 0.10287500000000001
3 0.551265625 0.7278749999999999 0.038093749999999996 0.1171875
3 0.470703125 0.8294374999999999 0.048828125 0.125
3 0.62109375 0.5716249999999999 0.013671875 0.08333333333333333
3 0.830078125 0.7792916666666667 0.025390625 0.09506250000000001
3 0.91015625 0.6080833333333333 0.025390625 0.07552083333333333
3 0.907234375 0.4713541666666667 0.01171875 0.046875
3 0.750484375 0.5957083333333333 0.03028125 0.08204166666666667
3 0.682125 0.43424999999999997 0.022468750000000003 0.07943750000000001
3 0.8413125000000001 0.3307291666666667 0.012703125000000001 0.049479166666666664