1 0.24740625 0.7923958333333334 0.21665625 0.39587500000000003
1 0.40395312499999997 0.5062291666666667 0.137546875 0.2670833333333333
1 0.48429687499999996 0.359375 0.09775 0.19466666666666665
1 0.17179687500000002 0.15008333333333335 0.0706875 0.0908125
1 0.636921875 0.28660416666666666 0.070171875 0.1446875
1 0.83140625 0.7597916666666666 0.148734375 0.4437083333333333
1 0.570703125 0.1809375 0.028937499999999998 0.08760416666666666
2 0.820515625 0.4341875 0.018625 0.087
2 0.58834375 0.38645833333333335 0.020234375 0.06291666666666666
1 0.744671875 0.4276875 0.089890625 0.204875
3 0.478125 0.7291666666666666 0.46875 0.8020833333333334 0.465625 0.90625 0.446875 0.9979166666666667 0.7421875 0.99375 0.7109375 0.98125 0.7046875 0.9708333333333333 0.7078125 0.93125 0.728125 0.93125 0.7421875 0.9104166666666667 0.721875 0.9041666666666667 0.7203125 0.86875 0.7140625 0.8625 0.7203125 0.84375 0.715625 0.7916666666666666 0.721875 0.7729166666666667 0.7140625 0.74375 0.7015625 0.56875 0.653125 0.5416666666666666 0.634375 0.5479166666666667 0.5953125 0.5333333333333333 0.521875 0.5291666666666667
1 0.5671875 0.4354166666666667 0.546875 0.5125 0.5359375 0.5145833333333333 0.5359375 0.525 0.6546875 0.5458333333333333 0.6390625 0.4895833333333333 0.6359375 0.44583333333333336 0.5953125 0.43125
2 0.8484375 0.45208333333333334 0.853125 0.45208333333333334 0.859375 0.4583333333333333 0.865625 0.4791666666666667 0.86875 0.48333333333333334 0.865625 0.49375 0.8609375 0.48541666666666666 0.8515625 0.48333333333333334 0.8484375 0.4895833333333333 0.846875 0.5020833333333333 0.84375 0.50625 0.8375 0.5083333333333333 0.8390625 0.48125 0.846875 0.46458333333333335 0.8484375 0.45416666666666666
2 0.746875 0.1875 0.7515625 0.19791666666666666 0.7515625 0.20833333333333334 0.746875 0.21875 0.740625 0.21666666666666667 0.7390625 0.2125 0.7390625 0.18958333333333333 0.7453125 0.1875
2 0.5546875 0.44583333333333336 0.5578125 0.4479166666666667 0.55625 0.48125 0.546875 0.5125 0.5421875 0.5208333333333334 0.5375 0.5166666666666667 0.5296875 0.5145833333333333 0.5296875 0.4708333333333333 0.534375 0.45208333333333334 0.5375 0.4479166666666667 0.553125 0.44583333333333336
2 0.353125 0.058333333333333334 0.3609375 0.06458333333333334 0.3625 0.08333333333333333 0.3578125 0.0875 0.35 0.0875 0.3484375 0.08958333333333333 0.340625 0.08958333333333333 0.3390625 0.07916666666666666 0.340625 0.07708333333333334 0.340625 0.06666666666666667 0.346875 0.058333333333333334 0.3515625 0.058333333333333334
2 0.9125 0.8270833333333333 0.909375 0.8145833333333333 0.909375 0.8041666666666667 0.90625 0.7979166666666667 0.9046875 0.7375 0.90625 0.7354166666666667 0.90625 0.7166666666666667 0.9078125 0.7145833333333333 0.909375 0.6895833333333333 0.9203125 0.6770833333333334 0.925 0.6770833333333334 0.9296875 0.6854166666666667 0.928125 0.7104166666666667 0.9328125 0.725 0.9328125 0.74375 0.9296875 0.7541666666666667 0.928125 0.7729166666666667 0.925 0.78125 0.925 0.79375 0.9234375 0.7958333333333333 0.925 0.8041666666666667 0.9234375 0.80625 0.921875 0.8270833333333333 0.9203125 0.8291666666666667 0.9140625 0.8270833333333333
2 0.9265625 0.5041666666666667 0.93125 0.5041666666666667 0.93125 0.5083333333333333 0.925 0.5229166666666667 0.925 0.5375 0.9265625 0.5395833333333333 0.925 0.5708333333333333 0.9296875 0.5916666666666667 0.9296875 0.6354166666666666 0.9328125 0.6520833333333333 0.9390625 0.6604166666666667 0.9390625 0.6729166666666667 0.9421875 0.6854166666666667 0.940625 0.6875 0.9359375 0.6854166666666667 0.928125 0.6604166666666667 0.925 0.6645833333333333 0.9234375 0.675 0.9171875 0.68125 0.9109375 0.68125 0.903125 0.6604166666666667 0.9046875 0.6520833333333333 0.903125 0.6416666666666667 0.9046875 0.6375 0.9 0.625 0.9 0.6166666666666667 0.8921875 0.6020833333333333 0.89375 0.5916666666666667 0.890625 0.5770833333333333 0.890625 0.5666666666666667 0.89375 0.5625 0.8921875 0.5604166666666667 0.89375 0.5520833333333334 0.8921875 0.5479166666666667 0.89375 0.5416666666666666 0.8921875 0.525 0.896875 0.5125 0.8984375 0.5166666666666667 0.9203125 0.5166666666666667 0.925 0.5125 0.9265625 0.50625
2 0.7609375 0.18958333333333333 0.765625 0.19166666666666668 0.7703125 0.19791666666666666 0.771875 0.20416666666666666 0.7703125 0.22083333333333333 0.7625 0.22708333333333333 0.75625 0.22291666666666668 0.753125 0.21458333333333332 0.753125 0.19583333333333333 0.75625 0.19166666666666668 0.759375 0.19166666666666668
2 0.9703125 0.8416666666666667 0.9765625 0.8479166666666667 0.990625 0.8416666666666667 0.9984375 0.84375 0.9984375 0.99375 0.9796875 0.99375 0.9765625 0.9833333333333333 0.9796875 0.98125 0.978125 0.9770833333333333 0.98125 0.9708333333333333 0.9765625 0.9645833333333333 0.965625 0.96875 0.9625 0.9625 0.9671875 0.9583333333333334 0.9671875 0.9520833333333333 0.9640625 0.9479166666666666 0.959375 0.93125 0.9609375 0.9291666666666667 0.9578125 0.9208333333333333 0.9546875 0.9 0.95625 0.8916666666666667 0.9625 0.8854166666666666 0.9703125 0.8854166666666666 0.9734375 0.88125 0.9703125 0.875 0.965625 0.8770833333333333 0.9640625 0.8666666666666667 0.9640625 0.85625 0.965625 0.8541666666666666 0.9640625 0.8479166666666667 0.96875 0.8416666666666667
2 0.7265625 0.22083333333333333 0.7296875 0.23541666666666666 0.7296875 0.25 0.7203125 0.27708333333333335 0.715625 0.275 0.7140625 0.22708333333333333 0.725 0.22083333333333333
3 0.015625 0.0625 0 0.06458333333333334 0 0.29791666666666666 0.0234375 0.28958333333333336 0.053125 0.2916666666666667 0.0765625 0.25416666666666665 0.09375 0.23958333333333334 0.0984375 0.19166666666666668 0.0921875 0.16666666666666666 0.0984375 0.12708333333333333 0.084375 0.10625 0.0765625 0.06458333333333334
