1 0.25584375000000004 0.734125 0.199640625 0.44479166666666664
1 0.76828125 0.38656250000000003 0.07803125 0.17508333333333334
1 0.388859375 0.46347916666666666 0.15034375 0.29750000000000004
1 0.5248125 0.21314583333333334 0.05834375000000001 0.12197916666666667
1 0.85446875 0.80125 0.14084375 0.34981249999999997
1 0.627125 0.6785208333333334 0.14195312499999999 0.34870833333333334
2 0.56321875 0.43485416666666665 0.0239375 0.10079166666666667
1 0.462671875 0.3137916666666667 0.093390625 0.15083333333333335
2 0.4376875 0.931875 0.06475 0.12039583333333333
2 0.75671875 0.6404375000000001 0.026015624999999997 0.13974999999999999
2 0.640625 0.36041666666666666 0.634375 0.36875 0.634375 0.44166666666666665 0.6390625 0.4625 0.646875 0.4625 0.659375 0.41458333333333336 0.659375 0.39166666666666666 0.653125 0.35833333333333334
2 0.5796875 0.29791666666666666 0.578125 0.35208333333333336 0.590625 0.36875 0.6015625 0.35208333333333336 0.6046875 0.29583333333333334 0.590625 0.28125
2 0.64375 0.25 0.6328125 0.2916666666666667 0.6359375 0.33125 0.6515625 0.31666666666666665 0.65 0.29791666666666666 0.6578125 0.26875 0.65625 0.25 0.6484375 0.24375
2 0.6953125 0.2625 0.6921875 0.29375 0.6953125 0.30833333333333335 0.7015625 0.3104166666666667 0.7078125 0.29375 0.7078125 0.2604166666666667 0.7015625 0.25416666666666665
2 0.8203125 0.35208333333333336 0.81875 0.40625 0.8296875 0.42083333333333334 0.840625 0.39375 0.840625 0.35625 0.8359375 0.33958333333333335
2 0.846875 0.43125 0.84375 0.4875 0.8484375 0.5041666666666667 0.8625 0.5145833333333333 0.8703125 0.4895833333333333 0.8703125 0.44166666666666665 0.865625 0.43125
2 0.81875 0.5583333333333333 0.809375 0.5979166666666667 0.8109375 0.61875 0.84375 0.6270833333333333 0.8484375 0.5958333333333333 0.84375 0.55 0.8375 0.5416666666666666
2 0.8765625 0.5208333333333334 0.8796875 0.53125 0.865625 0.55625 0.865625 0.5895833333333333 0.875 0.61875 0.8921875 0.6333333333333333 0.903125 0.5395833333333333 0.896875 0.525
2 0.9140625 0.6583333333333333 0.9078125 0.6958333333333333 0.93125 0.8145833333333333 0.9421875 0.8020833333333334 0.9421875 0.7520833333333333 0.95625 0.6604166666666667 0.934375 0.6541666666666667 0.93125 0.6458333333333334
1 0.5734375 0.2125 0.5734375 0.28541666666666665 0.628125 0.29791666666666666 0.6390625 0.24791666666666667 0.6296875 0.175 0.6015625 0.15833333333333333 0.5859375 0.17708333333333334
1 0.7390625 0.23541666666666666 0.7359375 0.2791666666666667 0.740625 0.2916666666666667 0.8 0.3104166666666667 0.8109375 0.24166666666666667 0.803125 0.22083333333333333 0.7796875 0.19791666666666666 0.75625 0.19791666666666666 0.75 0.2
