3 0.628546875 0.5475625 0.1791875 0.6912083333333333
3 0.381875 0.45920833333333333 0.189765625 0.4358958333333333
0 0.079671875 0.19247916666666667 0.15934375 0.253625
2 0.14375 0.175 0.1484375 0.17291666666666666 0.1546875 0.17916666666666667 0.159375 0.17916666666666667 0.1640625 0.1875 0.1671875 0.20208333333333334 0.1640625 0.2520833333333333 0.15625 0.2625 0.14375 0.26875 0.140625 0.26458333333333334 0.1390625 0.25625 0.1390625 0.23333333333333334 0.1375 0.23125 0.1375 0.20416666666666666 0.1390625 0.20208333333333334 0.140625 0.18125 0.14375 0.17708333333333334
2 0.3171875 0.31666666666666665 0.31875 0.2875 0.328125 0.2604166666666667 0.334375 0.25833333333333336 0.340625 0.2708333333333333 0.334375 0.2833333333333333 0.33125 0.3020833333333333 0.3171875 0.31875
2 0.415625 0.10833333333333334 0.4234375 0.10833333333333334 0.4265625 0.1125 0.425 0.1375 0.4171875 0.14375 0.4140625 0.14166666666666666 0.4140625 0.1125 0.415625 0.11041666666666666
2 0.428125 0.8770833333333333 0.434375 0.8875 0.4390625 0.8895833333333333 0.4609375 0.8875 0.4671875 0.8833333333333333 0.471875 0.8833333333333333 0.4796875 0.8895833333333333 0.48125 0.8979166666666667 0.4765625 0.9125 0.4828125 0.9291666666666667 0.48125 0.9583333333333334 0.4875 0.98125 0.4875 0.99375 0.484375 0.9979166666666667 0.4234375 0.9979166666666667 0.4203125 0.99375 0.4203125 0.9791666666666666 0.428125 0.9520833333333333 0.4296875 0.9333333333333333 0.4328125 0.9270833333333334 0.4328125 0.9041666666666667 0.4265625 0.8958333333333334 0.428125 0.8895833333333333 0.4171875 0.875 0.4234375 0.8729166666666667 0.4265625 0.8770833333333333
2 0.865625 0.26666666666666666 0.871875 0.275 0.875 0.28541666666666665 0.878125 0.3125 0.8765625 0.3229166666666667 0.8734375 0.325 0.8609375 0.3229166666666667 0.8515625 0.30833333333333335 0.8515625 0.28958333333333336 0.8546875 0.28125 0.8546875 0.275 0.859375 0.26666666666666666 0.8640625 0.26666666666666666
2 0.8921875 0.3645833333333333 0.9078125 0.35625 0.9109375 0.36041666666666666 0.9109375 0.37916666666666665 0.9125 0.38125 0.9109375 0.41041666666666665 0.9078125 0.41875 0.896875 0.4166666666666667 0.8859375 0.40625 0.8828125 0.39791666666666664 0.8828125 0.3854166666666667 0.8921875 0.36666666666666664
2 0.4875 0.06041666666666667 0.4875 0.075 0.484375 0.08333333333333333 0.48125 0.08541666666666667 0.478125 0.08125 0.4765625 0.0625 0.4796875 0.058333333333333334 0.4859375 0.06041666666666667
2 0.5390625 0.010416666666666666 0.5421875 0.016666666666666666 0.5421875 0.029166666666666667 0.5375 0.03958333333333333 0.534375 0.03958333333333333 0.5328125 0.035416666666666666 0.5328125 0.014583333333333334 0.5375 0.010416666666666666
