1 0.40796875000000005 0.4858125 0.124875 0.22216666666666668
1 0.5548437500000001 0.7957083333333334 0.16178125000000002 0.40858333333333335
2 0.8494531249999999 0.4780416666666667 0.025468750000000002 0.09085416666666667
2 0.6477968749999999 0.5885416666666666 0.030359375 0.10097916666666666
1 0.767375 0.36260416666666667 0.077390625 0.14950000000000002
2 0.678796875 0.42993750000000003 0.020578125 0.06475
2 0.6032968750000001 0.48364583333333333 0.018296875 0.10541666666666667
2 0.9091093750000001 0.6321041666666667 0.022875 0.0915625
2 0.84203125 0.578 0.030484375 0.11322916666666667
2 0.827 0.41020833333333334 0.019265625 0.06135416666666667
2 0.719234375 0.5882916666666667 0.031703125 0.1109375
2 0.46003125 0.7090833333333334 0.040765625 0.13416666666666668
2 0.84375 0.5229166666666667 0.853125 0.5291666666666667 0.85625 0.5375 0.8546875 0.54375 0.8546875 0.6041666666666666 0.8484375 0.6166666666666667 0.846875 0.63125 0.84375 0.6395833333333333 0.8375 0.6479166666666667 0.834375 0.6479166666666667 0.83125 0.64375 0.828125 0.6270833333333333 0.8265625 0.5395833333333333 0.828125 0.53125 0.83125 0.5270833333333333 0.8421875 0.5229166666666667
2 0.771875 0.64375 0.7765625 0.6416666666666667 0.78125 0.6458333333333334 0.8015625 0.6479166666666667 0.80625 0.6520833333333333 0.809375 0.6666666666666666 0.809375 0.6854166666666667 0.8046875 0.7083333333333334 0.80625 0.7375 0.803125 0.7479166666666667 0.803125 0.7625 0.7984375 0.76875 0.7875 0.76875 0.784375 0.7666666666666667 0.784375 0.7625 0.78125 0.7583333333333333 0.7828125 0.75 0.78125 0.7395833333333334 0.7828125 0.7375 0.778125 0.7145833333333333 0.778125 0.7020833333333333 0.7734375 0.6854166666666667 0.775 0.6604166666666667 0.771875 0.6541666666666667 0.771875 0.6458333333333334
2 0.7921875 0.49375 0.7984375 0.4979166666666667 0.8 0.5020833333333333 0.8 0.55 0.7921875 0.5458333333333333 0.7859375 0.5479166666666667 0.778125 0.5666666666666667 0.778125 0.5770833333333333 0.7703125 0.5770833333333333 0.76875 0.56875 0.7703125 0.5625 0.7703125 0.5479166666666667 0.76875 0.5458333333333333 0.7703125 0.54375 0.7703125 0.53125 0.7734375 0.525 0.771875 0.5166666666666667 0.775 0.5104166666666666 0.775 0.4979166666666667 0.7765625 0.49583333333333335 0.790625 0.49375
2 0.896875 0.48333333333333334 0.9 0.48333333333333334 0.9046875 0.49375 0.9125 0.4979166666666667 0.9109375 0.5270833333333333 0.903125 0.5395833333333333 0.903125 0.5458333333333333 0.8953125 0.55 0.8890625 0.5583333333333333 0.8859375 0.5520833333333334 0.8875 0.55 0.8859375 0.5395833333333333 0.8875 0.5145833333333333 0.884375 0.5041666666666667 0.896875 0.48541666666666666
2 0.515625 0.5458333333333333 0.5234375 0.5395833333333333 0.53125 0.5395833333333333 0.5515625 0.5520833333333334 0.55 0.5791666666666667 0.5359375 0.5895833333333333 0.515625 0.6291666666666667 0.5125 0.625 0.5125 0.6125 0.515625 0.6 0.5171875 0.5479166666666667
2 0.809375 0.2520833333333333 0.8140625 0.25833333333333336 0.815625 0.26458333333333334 0.815625 0.2791666666666667 0.8125 0.28541666666666665 0.80625 0.2833333333333333 0.8015625 0.2708333333333333 0.8015625 0.2604166666666667 0.8078125 0.2520833333333333
2 0.5921875 0.20416666666666666 0.596875 0.20833333333333334 0.6 0.22083333333333333 0.5984375 0.25 0.5953125 0.2625 0.5921875 0.26666666666666666 0.5859375 0.26666666666666666 0.5828125 0.25833333333333336 0.584375 0.21458333333333332 0.5875 0.20625 0.590625 0.20625
2 0.365625 0.7145833333333333 0.3703125 0.7208333333333333 0.36875 0.7291666666666666 0.371875 0.7333333333333333 0.3828125 0.7333333333333333 0.3875 0.7395833333333334 0.3875 0.74375 0.3953125 0.75 0.390625 0.7541666666666667 0.390625 0.7583333333333333 0.396875 0.7604166666666666 0.3984375 0.7666666666666667 0.4046875 0.76875 0.4 0.775 0.4 0.7833333333333333 0.4078125 0.7895833333333333 0.409375 0.80625 0.4140625 0.8229166666666666 0.4140625 0.85 0.40625 0.8833333333333333 0.403125 0.8875 0.396875 0.8875 0.390625 0.8958333333333334 0.384375 0.9125 0.3796875 0.9125 0.3765625 0.9083333333333333 0.3734375 0.8958333333333334 0.3671875 0.8833333333333333 0.365625 0.8770833333333333 0.365625 0.8604166666666667 0.3671875 0.8583333333333333 0.3640625 0.8479166666666667 0.3671875 0.8416666666666667 0.365625 0.81875 0.36875 0.8145833333333333 0.3671875 0.8041666666666667 0.371875 0.7770833333333333 0.371875 0.7541666666666667 0.365625 0.7479166666666667 0.365625 0.73125 0.3609375 0.7208333333333333 0.3640625 0.7166666666666667
2 0.95 0.55625 0.95625 0.5625 0.9546875 0.5708333333333333 0.95625 0.5854166666666667 0.95 0.6 0.9515625 0.60625 0.95 0.6166666666666667 0.9390625 0.63125 0.934375 0.6541666666666667 0.9296875 0.6520833333333333 0.9265625 0.6375 0.9265625 0.6104166666666667 0.925 0.6083333333333333 0.925 0.5875 0.9265625 0.5833333333333334 0.925 0.58125 0.93125 0.5791666666666667 0.9390625 0.5625 0.9421875 0.5583333333333333 0.9484375 0.55625
2 0.9078125 0.68125 0.9109375 0.6854166666666667 0.9125 0.69375 0.9171875 0.7 0.9171875 0.7041666666666667 0.9203125 0.70625 0.9234375 0.7145833333333333 0.9234375 0.7229166666666667 0.91875 0.7229166666666667 0.9109375 0.7375 0.909375 0.7708333333333334 0.903125 0.78125 0.896875 0.7833333333333333 0.8921875 0.7895833333333333 0.8875 0.8083333333333333 0.8859375 0.8270833333333333 0.8828125 0.8208333333333333 0.8796875 0.8208333333333333 0.878125 0.7916666666666666 0.871875 0.775 0.875 0.7145833333333333 0.8796875 0.7041666666666667 0.8859375 0.7041666666666667 0.890625 0.6979166666666666 0.8921875 0.6916666666666667 0.9015625 0.68125 0.90625 0.68125
3 0.49375 0.21875 0.490625 0.30625 0.5046875 0.31666666666666665 0.5578125 0.32083333333333336 0.5796875 0.2604166666666667 0.584375 0.14791666666666667 0.575 0.1375 0.5421875 0.13333333333333333 0.5140625 0.13958333333333334 0.5015625 0.1625
1 0.6265625 0.2 0.6203125 0.22708333333333333 0.609375 0.2375 0.6125 0.3229166666666667 0.615625 0.32708333333333334 0.621875 0.3145833333333333 0.6453125 0.3145833333333333 0.6703125 0.325 0.678125 0.30625 0.675 0.26875 0.6796875 0.2520833333333333 0.6734375 0.21666666666666667 0.665625 0.20208333333333334
1 0.7 0.1625 0.6984375 0.1875 0.7046875 0.20833333333333334 0.715625 0.22708333333333333 0.7296875 0.22708333333333333 0.7421875 0.19375 0.7421875 0.16041666666666668 0.709375 0.14791666666666667
1 0.703125 0.9583333333333334 0.7015625 0.9979166666666667 0.8703125 0.9979166666666667 0.85 0.8375 0.8375 0.8104166666666667 0.8109375 0.7958333333333333 0.8015625 0.7708333333333334 0.7765625 0.775 0.7625 0.7979166666666667 0.734375 0.7958333333333333
1 0.078125 0.20625 0.078125 0.24166666666666667 0.0890625 0.24166666666666667 0.0921875 0.2520833333333333 0.1078125 0.25833333333333336 0.140625 0.23958333333333334 0.15 0.20208333333333334 0.1359375 0.13958333333333334 0.115625 0.13333333333333333 0.0921875 0.14166666666666666 0.0859375 0.19375
1 0.1390625 0.14583333333333334 0.15 0.2 0.1703125 0.20416666666666666 0.175 0.19166666666666668 0.171875 0.15625 0.15 0.13541666666666666
0 0.0546875 0.06875 0 0.06875 0 0.29791666666666666 0.00625 0.3020833333333333 0.03125 0.30416666666666664 0.0515625 0.26666666666666666 0.0765625 0.25416666666666665 0.075 0.22291666666666668 0.0890625 0.18333333333333332 0.0890625 0.1375 0.0765625 0.07708333333333334
1 0.003125 0.8270833333333333 0 0.9979166666666667 0.2703125 0.9979166666666667 0.2734375 0.9354166666666667 0.3 0.8729166666666667 0.3046875 0.8354166666666667 0.3078125 0.59375 0.19375 0.5645833333333333 0.146875 0.5645833333333333 0.0421875 0.7020833333333333 0.0421875 0.7208333333333333
