2 0.776578125 0.40412499999999996 0.086359375 0.16299999999999998
4 0.648 0.30454166666666665 0.15365625 0.3410625
2 0.86984375 0.7018125000000001 0.14259375000000002 0.3016875
4 0.36843750000000003 0.45237499999999997 0.2736875 0.5508958333333334
3 0.5161718750000001 0.4111666666666667 0.02609375 0.08333333333333333
0 0.5456875 0.17635416666666667 0.0675 0.13843750000000002
3 0.1628125 0.9638333333333333 0.0748125 0.0723125
3 0.891875 0.48591666666666666 0.015734375000000002 0.08179166666666667
3 0.021390625 0.9355833333333333 0.042765625 0.10195833333333333
3 0.87903125 0.4053333333333333 0.012859375000000001 0.039625
3 0.2125 0.8666666666666667 0.221875 0.9333333333333333 0.2328125 0.94375 0.2609375 0.9270833333333334 0.2625 0.8895833333333333 0.2765625 0.8645833333333334 0.290625 0.8645833333333334 0.30625 0.9104166666666667 0.3265625 0.9125 0.34375 0.8979166666666667 0.3453125 0.8520833333333333 0.3515625 0.8479166666666667 0.3390625 0.80625 0.34375 0.7833333333333333 0.3328125 0.78125 0.3078125 0.8145833333333333 0.2765625 0.8041666666666667 0.2578125 0.78125 0.23125 0.7958333333333333
3 0.5375 0.3 0.5390625 0.34375 0.55 0.35833333333333334 0.559375 0.30625 0.55625 0.2604166666666667 0.553125 0.2791666666666667
2 0.74375 0.5145833333333333 0.7390625 0.5354166666666667 0.74375 0.6104166666666667 0.75625 0.6479166666666667 0.75 0.675 0.7546875 0.68125 0.78125 0.6770833333333334 0.8046875 0.54375 0.8109375 0.5375 0.865625 0.5375 0.8515625 0.4895833333333333 0.7734375 0.46458333333333335 0.7578125 0.46458333333333335 0.7578125 0.48333333333333334
2 0.5765625 0.55625 0.5875 0.5770833333333333 0.5796875 0.6583333333333333 0.5671875 0.6895833333333333 0.5734375 0.69375 0.5671875 0.7083333333333334 0.575 0.7583333333333333 0.703125 0.79375 0.715625 0.7729166666666667 0.7265625 0.6541666666666667 0.7234375 0.6291666666666667 0.7296875 0.6 0.7390625 0.59375 0.7390625 0.5833333333333334 0.7203125 0.5625 0.7125 0.47291666666666665 0.6984375 0.46041666666666664 0.675 0.4583333333333333 0.646875 0.4270833333333333 0.621875 0.43125 0.5984375 0.5395833333333333
2 0.8015625 0.2708333333333333 0.8 0.3020833333333333 0.8234375 0.375 0.840625 0.3854166666666667 0.865625 0.3729166666666667 0.871875 0.35833333333333334 0.8703125 0.30625 0.85 0.2604166666666667 0.815625 0.24375
3 0.8421875 0.42291666666666666 0.834375 0.47291666666666665 0.8546875 0.49166666666666664 0.8625 0.5208333333333334 0.8625 0.4395833333333333 0.853125 0.4166666666666667