1 0.41853125 0.5650833333333334 0.140921875 0.24206249999999999
1 0.8827031249999999 0.8158958333333334 0.182859375 0.36820833333333336
1 0.482125 0.32566666666666666 0.082609375 0.15166666666666667
2 0.275140625 0.7227083333333333 0.047359374999999995 0.13789583333333333
2 0.79584375 0.6707291666666666 0.0453125 0.15227083333333333
1 0.6319375 0.5827291666666666 0.15278125 0.29904166666666665
3 0.636578125 0.32535416666666667 0.11573437499999999 0.19808333333333333
2 0.097796875 0.8147083333333334 0.07523437499999999 0.08047916666666667
2 0.146125 0.7537083333333333 0.0445625 0.08672916666666668
2 0.831015625 0.43995833333333334 0.049765625 0.07995833333333334
2 0.83159375 0.3411666666666667 0.03471875 0.05533333333333333
3 0.438078125 0.3720416666666667 0.1273125 0.15560416666666665
