1 0.651734375 0.9304166666666667 0.185265625 0.13147916666666667
1 0.874765625 0.7199166666666666 0.14465625 0.30068750000000005
3 0.6764218750000001 0.5917083333333333 0.169625 0.5376458333333333
1 0.08790624999999999 0.19424999999999998 0.0804375 0.09602083333333335
2 0.7974375 0.38016666666666665 0.038656249999999996 0.08391666666666667
3 0.541515625 0.15354166666666666 0.0798125 0.16968750000000002
2 0.3415 0.8656666666666666 0.054734375 0.2686458333333333
3 0.16593750000000002 0.7543333333333333 0.318828125 0.49133333333333334
3 0.656859375 0.15175 0.07162500000000001 0.17939583333333334
3 0.49507812500000004 0.4267916666666667 0.179984375 0.47202083333333333
