2 0.550875 0.8795833333333333 0.197078125 0.23464583333333333
2 0.62546875 0.6233125 0.128046875 0.3271875
2 0.3508125 0.5537291666666667 0.172 0.37747916666666664
2 0.8161250000000001 0.798 0.13328125 0.355875
0 0.768 0.29991666666666666 0.1345 0.31016666666666665
2 0.601640625 0.3983125 0.1055 0.1011875
3 0.977390625 0.6634791666666667 0.031359375 0.08654166666666667
4 0.3828125 0.21666666666666667 0.38125 0.3104166666666667 0.3734375 0.36666666666666664 0.4328125 0.38958333333333334 0.4421875 0.41458333333333336 0.446875 0.51875 0.459375 0.5375 0.4765625 0.5041666666666667 0.51875 0.3645833333333333 0.528125 0.1875 0.48125 0.16666666666666666 0.4296875 0.1625
4 0.4875 0.15208333333333332 0.4875 0.16875 0.5171875 0.17708333333333334 0.5296875 0.19166666666666668 0.5234375 0.3020833333333333 0.525 0.31666666666666665 0.5328125 0.3145833333333333 0.5625 0.21666666666666667 0.5640625 0.15416666666666667 0.5375 0.12083333333333333 0.509375 0.12291666666666666
2 0.596875 0.25833333333333336 0.603125 0.29583333333333334 0.6359375 0.2875 0.66875 0.2916666666666667 0.671875 0.28541666666666665 0.671875 0.23541666666666666 0.6671875 0.21666666666666667 0.6578125 0.20833333333333334 0.615625 0.20416666666666666
2 0.6109375 0.325 0.609375 0.34375 0.6390625 0.36041666666666666 0.65625 0.41458333333333336 0.6703125 0.42291666666666666 0.6765625 0.35833333333333334 0.6671875 0.29791666666666666 0.625 0.28958333333333336
2 0.7359375 0.4354166666666667 0.715625 0.5333333333333333 0.728125 0.6458333333333334 0.740625 0.6541666666666667 0.7640625 0.6041666666666666 0.828125 0.6 0.8265625 0.5770833333333333 0.8375 0.5458333333333333 0.821875 0.525 0.8140625 0.4625 0.8015625 0.43125 0.7484375 0.41875
2 0.6328125 0.16041666666666668 0.621875 0.18541666666666667 0.6234375 0.19791666666666666 0.6703125 0.21458333333333332 0.6734375 0.18541666666666667 0.6640625 0.16041666666666668 0.65 0.15416666666666667
2 0.5625 0.12708333333333333 0.5671875 0.20625 0.5984375 0.21458333333333332 0.6125 0.16875 0.609375 0.11875 0.5984375 0.10625 0.5875 0.10625
2 0.8890625 0.3854166666666667 0.8890625 0.4625 0.903125 0.4875 0.915625 0.41875 0.90625 0.35208333333333336 0.896875 0.35833333333333334
2 0.9140625 0.8125 0.9078125 0.8916666666666667 0.9171875 0.9458333333333333 0.9296875 0.98125 0.9375 0.9854166666666667 0.9640625 0.9104166666666667 0.9640625 0.8166666666666667 0.9359375 0.7895833333333333