1 0.88909375 0.9206666666666667 0.21373437499999998 0.15420833333333334
2 0.7380625000000001 0.4457291666666666 0.02659375 0.06983333333333334
2 0.8324843749999999 0.4202708333333333 0.019375 0.063125
1 0.7474062499999999 0.28791666666666665 0.056937499999999995 0.1175
1 0.55796875 0.14866666666666667 0.0528125 0.07945833333333334
2 0.899453125 0.6940833333333334 0.048625 0.11660416666666666
1 0.47965625 0.2660416666666667 0.074609375 0.15039583333333334
2 0.2631875 0.6549583333333333 0.041999999999999996 0.1015625
2 0.321296875 0.5527291666666667 0.03125 0.11068750000000001
2 0.54834375 0.34700000000000003 0.016609375000000003 0.07683333333333334
2 0.8315468750000001 0.7246041666666667 0.020515625000000003 0.07422916666666667
2 0.9609375 0.7395833333333334 0.03125 0.09375
2 0.9829062499999999 0.8613333333333333 0.016609375000000003 0.07162500000000001
2 0.982421875 0.6132916666666667 0.0234375 0.09375
2 0.931640625 0.609375 0.013671875 0.08333333333333333
2 0.870125 0.5605416666666667 0.01171875 0.08204166666666667
2 0.9360312499999999 0.5006458333333333 0.03028125 0.06120833333333333
2 0.8960000000000001 0.40299999999999997 0.018562500000000003 0.06641666666666667
2 0.82715625 0.3463541666666667 0.015625 0.046875
2 0.793453125 0.3802083333333333 0.024421875000000003 0.059895833333333336
2 0.6640625 0.31966666666666665 0.0078125 0.058604166666666666
2 0.68653125 0.3086041666666667 0.017578125 0.059895833333333336
2 0.778328125 0.27539583333333334 0.005859375 0.02735416666666667
2 0.876953125 0.33268749999999997 0.021484375 0.03254166666666666
2 0.8393593750000001 0.3098958333333333 0.014656250000000001 0.03125
2 0.8081093750000001 0.31575000000000003 0.020515625000000003 0.035166666666666666
2 0.594734375 0.27799999999999997 0.017578125 0.04558333333333333
1 0.622078125 0.3958333333333333 0.064453125 0.140625
