1 0.644015625 0.30874999999999997 0.0679375 0.15545833333333334
1 0.64634375 0.7338333333333333 0.147890625 0.4047291666666667
2 0.799890625 0.5554166666666667 0.03284375 0.11387499999999999
2 0.840734375 0.44299999999999995 0.030015625 0.07547916666666667
2 0.723921875 0.2649375 0.02134375 0.06616666666666667
2 0.764421875 0.4405208333333333 0.020078125 0.09220833333333332
1 0.660640625 0.47720833333333335 0.106453125 0.20964583333333334
2 0.93359375 0.5234375 0.029296875 0.10416666666666667
2 0.7631875 0.29362499999999997 0.026375 0.06120833333333333
2 0.76465625 0.21679166666666666 0.021484375 0.042979166666666666
2 0.606453125 0.20183333333333334 0.021484375 0.028645833333333332
2 0.50634375 0.22591666666666665 0.012703125000000001 0.0481875
2 0.930671875 0.9173125 0.041015625 0.14454166666666665
