3 0.37706249999999997 0.4667291666666667 0.28946875 0.618625
1 0.591796875 0.39429166666666665 0.09671874999999999 0.15252083333333333
1 0.61021875 0.5827500000000001 0.12285937499999999 0.26525
0 0.819875 0.41189583333333335 0.172328125 0.4977916666666667
1 0.643875 0.3235208333333333 0.072109375 0.12295833333333334
2 0.91615625 0.6383125 0.02015625 0.11220833333333333
2 0.977546875 0.6119791666666666 0.02734375 0.06510416666666667
2 0.698734375 0.8443958333333333 0.06348437500000001 0.16277083333333334
2 0.681640625 0.5429791666666667 0.021484375 0.06510416666666667
1 0.65234375 0.23177083333333334 0.080078125 0.06770833333333333
2 0.07178124999999999 0.27147916666666666 0.024421875000000003 0.0325625
