1 0.7535937500000001 0.3222083333333333 0.061812500000000006 0.14400000000000002
1 0.60859375 0.6190416666666666 0.119890625 0.25272916666666667
1 0.61253125 0.4454791666666667 0.09425 0.13664583333333333
1 0.8136093750000001 0.48945833333333333 0.078953125 0.13760416666666667
2 0.212796875 0.9665 0.05450000000000001 0.06699999999999999
1 0.84575 0.6931875000000001 0.14503125 0.27939583333333334
2 0.539953125 0.3953333333333333 0.017578125 0.058812500000000004
2 0.7754531250000001 0.7181875000000001 0.036296875 0.10079166666666667
2 0.44362500000000005 0.6673541666666666 0.016859375 0.059041666666666666
2 0.878953125 0.4698333333333334 0.030515625 0.11989583333333333
2 0.5045625 0.4669166666666667 0.015640625 0.0708125
2 0.7304062499999999 0.6706249999999999 0.02809375 0.07052083333333334
2 0.73871875 0.5970833333333334 0.015890625 0.07995833333333334
2 0.7046718750000001 0.5940833333333334 0.014765625 0.0793125
2 0.018125 0.9466041666666667 0.036234375 0.10135416666666666
2 0.3545 0.8769583333333333 0.02734375 0.08204166666666667
2 0.240234375 0.9153749999999999 0.03125 0.0859375
2 0.1274375 0.8105416666666667 0.038093749999999996 0.06120833333333333
1 0.319828125 0.5299583333333333 0.14942187499999998 0.3072916666666667
1 0.421875 0.36654166666666665 0.115234375 0.18358333333333335
1 0.6274375 0.33397916666666666 0.08106250000000001 0.08204166666666667
2 0.466796875 0.93425 0.033203125 0.056
2 0.305671875 0.9804791666666667 0.041015625 0.0390625
2 0.9438437499999999 0.4700625 0.020515625000000003 0.041666666666666664
2 0.91015625 0.4283958333333333 0.017578125 0.049479166666666664
2 0.895515625 0.3632916666666667 0.029296875 0.0546875
2 0.69921875 0.4609375 0.01953125 0.044270833333333336
2 0.294921875 0.7910208333333333 0.037109375 0.09764583333333333
1 0.515140625 0.2721458333333333 0.043953124999999996 0.1015625
