1 0.485546875 0.2391875 0.08367187499999999 0.17525000000000002
1 0.936734375 0.5746875 0.12271875000000002 0.2396875
1 0.63065625 0.34910416666666666 0.10392187500000001 0.21035416666666668
0 0.140625 0.9104166666666667 0.134375 0.9479166666666666 0.1015625 0.99375 0.696875 0.9979166666666667 0.70625 0.8395833333333333 0.7046875 0.7333333333333333 0.6953125 0.6625 0.69375 0.45 0.6828125 0.4395833333333333 0.5734375 0.4041666666666667 0.484375 0.39375 0.44375 0.4 0.278125 0.6604166666666667
1 0.3703125 0.44583333333333336 0.3734375 0.4708333333333333 0.365625 0.5208333333333334 0.440625 0.39791666666666664 0.4703125 0.39166666666666666 0.4734375 0.38125 0.45625 0.36875 0.415625 0.3729166666666667
1 0.59375 0.23541666666666666 0.5984375 0.25 0.5953125 0.3020833333333333 0.61875 0.25 0.6640625 0.25416666666666665 0.6546875 0.20416666666666666 0.6359375 0.19166666666666668 0.6140625 0.19375 0.6015625 0.23125
1 0.7234375 0.22291666666666668 0.7109375 0.36041666666666666 0.7171875 0.3729166666666667 0.7640625 0.3854166666666667 0.7828125 0.3625 0.784375 0.34375 0.7859375 0.29375 0.7765625 0.23125 0.753125 0.21666666666666667
1 0.8015625 0.37916666666666665 0.803125 0.43333333333333335 0.8234375 0.4875 0.871875 0.49375 0.89375 0.475 0.8984375 0.4625 0.8953125 0.39791666666666664 0.88125 0.3541666666666667 0.8578125 0.31666666666666665 0.8171875 0.3125
3 0.790625 0.7291666666666666 0.7796875 0.86875 0.7859375 0.9041666666666667 0.7859375 0.9979166666666667 0.9984375 0.9979166666666667 0.9984375 0.9666666666666667 0.9328125 0.7541666666666667 0.9234375 0.6979166666666666 0.9109375 0.6729166666666667 0.8703125 0.65625 0.8234375 0.6583333333333333 0.7984375 0.6958333333333333
1 0.6859375 0.19583333333333333 0.6828125 0.2625 0.69375 0.27291666666666664 0.7125 0.275 0.7328125 0.20416666666666666 0.7296875 0.18125 0.721875 0.17083333333333334 0.6953125 0.16875
3 0.646875 0.15208333333333332 0.6453125 0.17916666666666667 0.684375 0.1875 0.6875 0.16458333333333333 0.678125 0.14166666666666666 0.665625 0.1375
1 0.7609375 0.14583333333333334 0.75625 0.16875 0.7625 0.2 0.796875 0.22083333333333333 0.8046875 0.1875 0.796875 0.16041666666666668 0.7765625 0.13958333333333334
2 0.759375 0.44583333333333336 0.7578125 0.5 0.7640625 0.5291666666666667 0.771875 0.5354166666666667 0.7875 0.48541666666666666 0.784375 0.45625
