3 0.77453125 0.336625 0.088921875 0.2453125
1 0.562765625 0.6370208333333333 0.141828125 0.297875
1 0.48667187500000003 0.31127083333333333 0.082171875 0.18160416666666668
2 0.549984375 0.30833333333333335 0.025546875000000004 0.08525
1 0.55765625 0.168375 0.06325 0.107
3 0.5828125 0.32708333333333334 0.5828125 0.4166666666666667 0.628125 0.425 0.65625 0.4395833333333333 0.665625 0.4083333333333333 0.671875 0.25 0.6609375 0.24166666666666667 0.6515625 0.24791666666666667 0.6328125 0.23541666666666666 0.6296875 0.24166666666666667 0.61875 0.23125 0.5984375 0.24375 0.590625 0.25833333333333336
2 0.71875 0.24583333333333332 0.7203125 0.25416666666666665 0.71875 0.3 0.7171875 0.30625 0.7125 0.3125 0.709375 0.3104166666666667 0.70625 0.3 0.703125 0.26458333333333334 0.709375 0.25 0.709375 0.24583333333333332 0.7109375 0.24375 0.7171875 0.24583333333333332
2 0.5921875 0.20416666666666666 0.6 0.21041666666666667 0.6 0.21875 0.5984375 0.22083333333333333 0.5984375 0.23541666666666666 0.5953125 0.24166666666666667 0.5953125 0.25 0.5921875 0.25625 0.590625 0.26666666666666666 0.5875 0.26875 0.5875 0.25625 0.584375 0.24166666666666667 0.5859375 0.2125 0.590625 0.20625
2 0.559375 0.26875 0.5671875 0.27708333333333335 0.5671875 0.30625 0.565625 0.30833333333333335 0.5640625 0.33125 0.5578125 0.35 0.546875 0.34791666666666665 0.54375 0.3375 0.5453125 0.2791666666666667 0.5515625 0.2708333333333333 0.5578125 0.26875
2 0.4875 0.10416666666666667 0.490625 0.10833333333333334 0.490625 0.11458333333333333 0.4953125 0.12916666666666668 0.490625 0.175 0.4859375 0.17708333333333334 0.4828125 0.17291666666666666 0.4828125 0.15833333333333333 0.48125 0.15625 0.48125 0.12708333333333333 0.4859375 0.10625
2 0.7 0.1875 0.70625 0.19375 0.70625 0.22708333333333333 0.7046875 0.23125 0.6984375 0.2375 0.69375 0.23333333333333334 0.6921875 0.22708333333333333 0.69375 0.19583333333333333 0.6984375 0.18958333333333333
2 0.534375 0.16041666666666668 0.01875 0.06666666666666667
2 0.4828125 0.14166666666666666 0.4859375 0.13958333333333334 0.4921875 0.14166666666666666 0.4921875 0.16458333333333333 0.490625 0.175 0.4875 0.17708333333333334 0.4828125 0.17291666666666666 0.4828125 0.15625 0.48125 0.15416666666666667 0.4828125 0.14375
2 0.746875 0.5270833333333333 0.75 0.50625 0.7625 0.5083333333333333 0.765625 0.5041666666666667 0.7734375 0.5041666666666667 0.778125 0.50625 0.7828125 0.5125 0.7796875 0.5270833333333333 0.784375 0.55625 0.78125 0.58125 0.775 0.6041666666666666 0.771875 0.63125 0.76875 0.6333333333333333 0.7625 0.63125 0.7546875 0.6125 0.74375 0.6041666666666666 0.7421875 0.5958333333333333 0.7421875 0.5729166666666666 0.746875 0.5708333333333333 0.753125 0.5625 0.7515625 0.55625 0.740625 0.55625 0.7453125 0.5458333333333333 0.75 0.5416666666666666 0.75 0.53125 0.7484375 0.5291666666666667
0 0.627828125 0.33029166666666665 0.088078125 0.2044375