3 0.31378125 0.4907916666666667 0.19715625 0.5622708333333333
3 0.664046875 0.29129166666666667 0.11353125 0.30922916666666667
1 0.7917500000000001 0.49972916666666667 0.11671875000000001 0.34152083333333333
2 0.18262499999999998 0.9586041666666667 0.051875000000000004 0.07604166666666666
2 0.886296875 0.6206458333333333 0.017484375 0.0885625
1 0.60303125 0.7415416666666667 0.14159375000000002 0.3372291666666667
1 0.65625 0.5371041666666667 0.09765625 0.19402083333333334
1 0.8022500000000001 0.8372499999999999 0.14551562499999998 0.3255208333333333
1 0.43653125 0.6503958333333333 0.015625 0.07683333333333334
1 0.511234375 0.6634166666666667 0.026375 0.08725000000000001
2 0.317390625 0.9576875 0.0390625 0.08464583333333334
2 0.179203125 0.8847708333333333 0.038093749999999996 0.07683333333333334
2 0.0390625 0.9127708333333333 0.046875 0.12239583333333333
2 0.453609375 0.5696666666666667 0.020515625000000003 0.0638125
2 0.507328125 0.5520833333333334 0.020515625000000003 0.06510416666666667
2 0.56396875 0.5416666666666666 0.022468750000000003 0.0859375
1 0.556640625 0.21745833333333334 0.044921875 0.11458333333333333
2 0.4038125 0.9707083333333333 0.038093749999999996 0.058604166666666666
2 0.93359375 0.9615833333333333 0.025390625 0.07683333333333334
2 0.96875 0.7740833333333333 0.025390625 0.07422916666666667
2 0.9292031250000001 0.6725208333333333 0.024421875000000003 0.056
2 0.981453125 0.6054791666666667 0.021484375 0.057291666666666664
2 0.958984375 0.5358125 0.013671875 0.05339583333333333
2 0.9252968750000001 0.5052083333333334 0.00684375 0.057291666666666664
2 0.92090625 0.44727083333333334 0.015625 0.03777083333333333
2 0.880859375 0.35612499999999997 0.015625 0.06120833333333333
2 0.86328125 0.43814583333333335 0.02734375 0.0481875
2 0.84375 0.25064583333333335 0.013671875 0.0481875
2 0.8081093750000001 0.3294375 0.018562500000000003 0.03125
2 0.7529375 0.3007916666666667 0.015625 0.03125
2 0.5180625 0.47070833333333334 0.022468750000000003 0.056
2 0.7915 0.2929791666666667 0.014656250000000001 0.041666666666666664
