3 0.64628125 0.3062083333333333 0.11585937500000001 0.36302083333333335
1 0.5291718750000001 0.28804166666666664 0.069484375 0.15197916666666667
2 0.75178125 0.5385208333333333 0.03490625 0.10835416666666667
2 0.90778125 0.489125 0.0191875 0.07764583333333334
2 0.8393437499999999 0.7823958333333334 0.030625000000000003 0.10027083333333334
2 0.8141718750000001 0.6149791666666666 0.040921875 0.10170833333333333
1 0.36526562500000004 0.5251458333333333 0.1325 0.33672916666666663
2 0.327140625 0.9470833333333334 0.066578125 0.10583333333333332
0 0.0421875 0.5354166666666667 0 0.5666666666666667 0 0.9979166666666667 0.1921875 0.9979166666666667 0.196875 0.99375 0.196875 0.9625 0.2125 0.9229166666666667 0.20625 0.89375 0.20625 0.8020833333333334 0.240625 0.70625 0.25625 0.6875 0.275 0.6916666666666667 0.2734375 0.6729166666666667 0.2859375 0.64375 0.2796875 0.5916666666666667 0.2671875 0.5791666666666667 0.090625 0.5291666666666667
2 0.45625 0.8541666666666666 0.4578125 0.8958333333333334 0.496875 0.90625 0.5109375 0.9041666666666667 0.521875 0.8875 0.525 0.8333333333333334 0.4953125 0.7708333333333334 0.484375 0.7708333333333334 0.465625 0.8083333333333333
2 0.775 0.39791666666666664 0.7765625 0.4708333333333333 0.7859375 0.4791666666666667 0.7953125 0.44583333333333336 0.7953125 0.3958333333333333 0.784375 0.3854166666666667
2 0.765625 0.3333333333333333 0.7640625 0.3645833333333333 0.76875 0.3729166666666667 0.778125 0.3375 0.771875 0.32916666666666666
2 0.7328125 0.19583333333333333 0.7328125 0.225 0.740625 0.22916666666666666 0.746875 0.20208333333333334 0.7421875 0.19375
2 0.7125 0.26666666666666666 0.7109375 0.28541666666666665 0.7234375 0.2875 0.7234375 0.26666666666666666 0.71875 0.2604166666666667
2 0.5625 0.17708333333333334 0.559375 0.22708333333333333 0.56875 0.23541666666666666 0.5765625 0.20833333333333334 0.571875 0.15208333333333332
2 0.465625 0.4 0.4625 0.46458333333333335 0.4796875 0.49166666666666664 0.4921875 0.45416666666666666 0.4921875 0.41041666666666665 0.484375 0.37916666666666665 0.478125 0.375
