2 0.313484375 0.6067708333333334 0.142578125 0.3776041666666667
2 0.48975 0.49154166666666665 0.106453125 0.21745833333333334
2 0.447265625 0.3294375 0.099609375 0.14583333333333334
2 0.652828125 0.6516875 0.15528124999999998 0.3112083333333333
2 0.8559531249999999 0.800125 0.17090624999999998 0.3033958333333333
2 0.9140625 0.4179791666666667 0.130859375 0.3125
2 0.749515625 0.3515625 0.07520312500000001 0.10677083333333333
2 0.8159218750000001 0.6028749999999999 0.114265625 0.15885416666666666
2 0.640140625 0.41602083333333334 0.122078125 0.15495833333333334
2 0.6225625 0.30924999999999997 0.09278125000000001 0.11850000000000001
4 0.65234375 0.25 0.095703125 0.1640625
4 0.5336875 0.1985625 0.09278125000000001 0.19402083333333334
3 0.20020312499999998 0.22135416666666666 0.056640625 0.09635416666666667
3 0.048828125 0.3515625 0.060546875 0.15104166666666666
3 0.36621875 0.097 0.033203125 0.06641666666666667
3 0.42040625 0.10220833333333333 0.03028125 0.08462499999999999
2 0.73584375 0.2141875 0.05371875 0.11068750000000001
2 0.487796875 0.2389375 0.06153125 0.08725000000000001
2 0.77196875 0.47591666666666665 0.08106250000000001 0.11068750000000001