2 0.66259375 0.28350000000000003 0.08153125 0.1710625
2 0.87403125 0.5839791666666667 0.126515625 0.30864583333333334
2 0.65859375 0.15564583333333332 0.047171875 0.07308333333333333
3 0.503515625 0.49414583333333334 0.020874999999999998 0.1024375
0 0.20595312500000001 0.5995625 0.39460937500000004 0.800875
3 0.8015625 0.34375 0.8 0.33958333333333335 0.8 0.2875 0.803125 0.2791666666666667 0.8109375 0.2791666666666667 0.81875 0.28541666666666665 0.8171875 0.32708333333333334 0.8140625 0.33541666666666664 0.8140625 0.3416666666666667 0.8109375 0.3458333333333333 0.803125 0.34375
3 0.61875 0.08541666666666667 0.621875 0.0875 0.625 0.09791666666666667 0.621875 0.11875 0.61875 0.12291666666666666 0.6125 0.11666666666666667 0.6125 0.10416666666666667 0.6171875 0.0875
3 0.55 0.041666666666666664 0.5578125 0.05 0.55625 0.06666666666666667 0.5546875 0.06875 0.546875 0.06666666666666667 0.5453125 0.05416666666666667 0.5484375 0.04375
3 0.4546875 0.3875 0.4546875 0.39791666666666664 0.4578125 0.40625 0.45625 0.4479166666666667 0.4484375 0.46458333333333335 0.4375 0.4791666666666667 0.4328125 0.4791666666666667 0.43125 0.46875 0.43125 0.42916666666666664 0.428125 0.4166666666666667 0.428125 0.39791666666666664 0.43125 0.39166666666666666 0.4359375 0.39166666666666666 0.4390625 0.3875 0.453125 0.3875
3 0.428125 0.21875 0.4296875 0.22083333333333333 0.428125 0.2625 0.4234375 0.275 0.4203125 0.275 0.4171875 0.2708333333333333 0.4140625 0.24791666666666667 0.415625 0.24583333333333332 0.4171875 0.22083333333333333 0.41875 0.21875 0.4265625 0.21875
3 0.4703125 0.03333333333333333 0.46875 0.029166666666666667 0.4703125 0.0125 0.4734375 0.008333333333333333 0.4796875 0.010416666666666666 0.4828125 0.03333333333333333 0.4796875 0.035416666666666666 0.471875 0.03333333333333333
3 0.3859375 0.90625 0.396875 0.9166666666666666 0.4015625 0.93125 0.4015625 0.9395833333333333 0.4125 0.9583333333333334 0.4109375 0.9729166666666667 0.3984375 0.99375 0.39375 0.9979166666666667 0.3515625 0.9979166666666667 0.35 0.9958333333333333 0.340625 0.9979166666666667 0.3375 0.9895833333333334 0.3375 0.9833333333333333 0.3421875 0.9791666666666666 0.340625 0.9770833333333333 0.3421875 0.975 0.3421875 0.9520833333333333 0.353125 0.9416666666666667 0.3484375 0.9208333333333333 0.3515625 0.9104166666666667 0.359375 0.9083333333333333 0.365625 0.9125 0.3734375 0.90625 0.384375 0.90625
3 0.490625 0.8208333333333333 0.4921875 0.8229166666666666 0.50625 0.8229166666666666 0.515625 0.81875 0.5296875 0.81875 0.53125 0.8208333333333333 0.528125 0.8270833333333333 0.515625 0.8375 0.515625 0.8479166666666667 0.51875 0.8583333333333333 0.5171875 0.8604166666666667 0.5171875 0.8791666666666667 0.509375 0.8854166666666666 0.509375 0.8958333333333334 0.5171875 0.9 0.515625 0.9104166666666667 0.521875 0.93125 0.521875 0.94375 0.51875 0.9583333333333334 0.51875 0.9958333333333333 0.5171875 0.9979166666666667 0.515625 0.9958333333333333 0.496875 0.9958333333333333 0.4859375 0.9916666666666667 0.4796875 0.99375 0.4734375 0.9729166666666667 0.4734375 0.9625 0.4703125 0.9541666666666667 0.471875 0.9479166666666666 0.478125 0.9416666666666667 0.4890625 0.9395833333333333 0.490625 0.9375 0.4890625 0.9354166666666667 0.49375 0.93125 0.49375 0.925 0.490625 0.9208333333333333 0.4921875 0.91875 0.490625 0.90625 0.4828125 0.89375 0.48125 0.8416666666666667 0.4796875 0.8395833333333333 0.4796875 0.8291666666666667 0.484375 0.8229166666666666 0.4890625 0.8229166666666666
3 0.834375 0.40625 0.8375 0.41041666666666665 0.8515625 0.4083333333333333 0.8546875 0.41458333333333336 0.85625 0.43333333333333335 0.85 0.44375 0.8265625 0.44166666666666665 0.825 0.4375 0.8265625 0.41458333333333336 0.8328125 0.40625
3 0.76875 0.8770833333333333 0.771875 0.8791666666666667 0.7734375 0.8854166666666666 0.771875 0.9041666666666667 0.778125 0.9125 0.80625 0.9125 0.815625 0.9166666666666666 0.8109375 0.925 0.8109375 0.93125 0.8125 0.9333333333333333 0.8125 0.9458333333333333 0.8171875 0.9604166666666667 0.815625 0.9666666666666667 0.8171875 0.9979166666666667 0.7609375 0.9979166666666667 0.7578125 0.9833333333333333 0.7625 0.9729166666666667 0.7609375 0.96875 0.76875 0.9583333333333334 0.7671875 0.95 0.7703125 0.94375 0.765625 0.93125 0.7671875 0.9229166666666667 0.7609375 0.9145833333333333 0.7609375 0.8791666666666667 0.7640625 0.875 0.7671875 0.8770833333333333
3 0.609375 0.14583333333333334 0.615625 0.1625 0.615625 0.17291666666666666 0.6140625 0.175 0.6140625 0.19166666666666668 0.6109375 0.2 0.6109375 0.21041666666666667 0.609375 0.21666666666666667 0.603125 0.22291666666666668 0.596875 0.22083333333333333 0.5953125 0.21458333333333332 0.596875 0.21041666666666667 0.596875 0.18541666666666667 0.5984375 0.18333333333333332 0.5984375 0.16666666666666666 0.6046875 0.15208333333333332 0.6046875 0.14791666666666667 0.6078125 0.14583333333333334
2 0.5453125 0.5916666666666667 0.55 0.64375 0.5390625 0.7291666666666666 0.5453125 0.7708333333333334 0.55 0.775 0.5734375 0.7625 0.59375 0.7729166666666667 0.6171875 0.7666666666666667 0.6328125 0.775 0.6390625 0.7916666666666666 0.6546875 0.7916666666666666 0.671875 0.7583333333333333 0.6765625 0.6354166666666666 0.6828125 0.6229166666666667 0.675 0.6020833333333333 0.6734375 0.54375 0.6625 0.48541666666666666 0.6203125 0.46875 0.5875 0.46875 0.559375 0.5791666666666667
2 0.73125 0.29583333333333334 0.725 0.32708333333333334 0.7265625 0.4041666666666667 0.7375 0.42083333333333334 0.7640625 0.4166666666666667 0.796875 0.42916666666666664 0.7984375 0.3333333333333333 0.7875 0.2833333333333333 0.7765625 0.27291666666666664 0.74375 0.26875
2 0.4546875 0.20416666666666666 0.4421875 0.22291666666666668 0.4453125 0.3 0.4578125 0.325 0.4953125 0.33125 0.5046875 0.3416666666666667 0.525 0.28125 0.525 0.19791666666666666 0.5125 0.18333333333333332 0.48125 0.175
0 0.7078125 0.04791666666666667 0.7078125 0.11875 0.7140625 0.13125 0.728125 0.14166666666666666 0.7578125 0.14375 0.7640625 0.09375 0.7578125 0.041666666666666664 0.721875 0.022916666666666665 0.7109375 0.03125