1 0.628015625 0.7543333333333333 0.133265625 0.349875
1 0.388359375 0.6745416666666666 0.17759375 0.43704166666666666
1 0.8163281250000001 0.7703749999999999 0.13590625 0.30972916666666667
2 0.8141562499999999 0.47670833333333335 0.030343750000000003 0.08958333333333333
2 0.7375 0.38345833333333335 0.027703125000000002 0.07779166666666668
2 0.885390625 0.4267916666666667 0.024609375 0.06160416666666667
2 0.83309375 0.38416666666666666 0.022734375 0.07066666666666667
2 0.9278437500000001 0.5814583333333334 0.027578125 0.135375
2 0.525390625 0.6738333333333333 0.033203125 0.09245833333333334
2 0.520515625 0.5234375 0.01953125 0.08072916666666667
2 0.48290625 0.28841666666666665 0.022468750000000003 0.0638125
2 0.58496875 0.18945833333333334 0.017578125 0.06120833333333333
2 0.6430625 0.16927083333333334 0.018562500000000003 0.036458333333333336
2 0.958984375 0.6933541666666667 0.01953125 0.08464583333333334
2 0.91015625 0.7454375 0.041015625 0.11589583333333334
2 0.990234375 0.5878958333333333 0.01953125 0.07683333333333334
2 0.844734375 0.3242291666666667 0.017578125 0.046875
2 0.762203125 0.2981875 0.022468750000000003 0.049479166666666664
2 0.74609375 0.199875 0.017578125 0.0481875
