2 0.45218749999999996 0.36002083333333335 0.095609375 0.19920833333333335
4 0.12171875000000001 0.21739583333333332 0.188453125 0.19404166666666667
3 0.645359375 0.5140208333333333 0.040375 0.11033333333333334
2 0.74328125 0.3495416666666667 0.091015625 0.18520833333333334
2 0.508328125 0.26166666666666666 0.07334375 0.11954166666666667
3 0.857609375 0.6875 0.04865625 0.1316875
2 0.546046875 0.1885 0.054093749999999996 0.09560416666666667
3 0.6574375 0.3623125 0.01490625 0.077875
2 0.650890625 0.19802083333333334 0.056203125 0.12362500000000001
3 0.83315625 0.42933333333333334 0.01678125 0.0715625
4 0.3171875 0.68125 0.3234375 0.7083333333333334 0.3265625 0.7958333333333333 0.2859375 0.9979166666666667 0.5515625 0.9979166666666667 0.596875 0.6708333333333333 0.6046875 0.5041666666666667 0.5328125 0.4791666666666667 0.43125 0.46458333333333335 0.3578125 0.6208333333333333
3 0.553125 0.40208333333333335 0.5515625 0.4791666666666667 0.55625 0.4875 0.571875 0.4875 0.5765625 0.4083333333333333 0.565625 0.4
3 0.6765625 0.2604166666666667 0.675 0.30416666666666664 0.68125 0.3229166666666667 0.6875 0.31666666666666665 0.6875 0.29791666666666666 0.696875 0.28958333333333336 0.6890625 0.21666666666666667
3 0.71875 0.225 0.7171875 0.2520833333333333 0.7234375 0.2604166666666667 0.7328125 0.24791666666666667 0.734375 0.225 0.7296875 0.2125 0.7234375 0.2125
3 0.79375 0.46458333333333335 0.7953125 0.5 0.8109375 0.53125 0.8234375 0.48333333333333334 0.8171875 0.4395833333333333 0.8 0.4375
3 0.8578125 0.4791666666666667 0.85625 0.5020833333333333 0.8734375 0.5395833333333333 0.88125 0.45416666666666666 0.8625 0.45208333333333334
2 0.753125 0.13333333333333333 0.74375 0.16041666666666668 0.746875 0.20416666666666666 0.7765625 0.2125 0.7890625 0.1875 0.7890625 0.14375 0.765625 0.12916666666666668