2 0.76225 0.6165625 0.1360625 0.25504166666666667
2 0.61140625 0.7186041666666667 0.12415625 0.3659375
3 0.9405625000000001 0.6900833333333334 0.031468750000000004 0.12822916666666667
3 0.536828125 0.4322916666666667 0.027500000000000004 0.11072916666666667
3 0.5354062500000001 0.5783333333333334 0.03453125 0.09585416666666666
0 0.7163125 0.237625 0.102546875 0.2435
2 0.770515625 0.42252083333333335 0.09765625 0.12891666666666668
3 0.8969687499999999 0.7213541666666666 0.036140624999999996 0.07291666666666667
3 0.9067343749999999 0.8548125 0.022468750000000003 0.134125
3 0.431640625 0.8014375 0.029296875 0.09506250000000001
3 0.28515625 0.9309999999999999 0.048828125 0.125
3 0.43603125 0.5735625 0.018562500000000003 0.06902083333333334
3 0.840828125 0.37304166666666666 0.01953125 0.0638125
3 0.98828125 0.6204375 0.01953125 0.08464583333333334
4 0.274421875 0.5943958333333333 0.21484375 0.5065000000000001
2 0.408203125 0.431 0.076171875 0.203125
2 0.4404375 0.33658333333333335 0.07421875 0.1263125
3 0.431640625 0.6588541666666666 0.01953125 0.059895833333333336
3 0.555171875 0.3450625 0.032234374999999996 0.06510416666666667
3 0.604 0.31185416666666665 0.026375 0.056
3 0.582515625 0.23372916666666665 0.012703125000000001 0.029958333333333333