2 0.715234375 0.36916666666666664 0.018984375 0.0621875
2 0.7857968750000001 0.4040416666666667 0.023484375 0.07383333333333333
1 0.606640625 0.48089583333333336 0.10940625 0.26777083333333335
2 0.8503281250000001 0.5015 0.028937499999999998 0.10310416666666668
2 0.612859375 0.6848541666666667 0.039328125000000005 0.11720833333333333
2 0.893890625 0.47620833333333334 0.027359375000000002 0.07877083333333333
2 0.892328125 0.6336458333333332 0.051000000000000004 0.13724999999999998
3 0.432625 0.34831249999999997 0.216796875 0.4205625
2 0.5600625 0.36654166666666665 0.026375 0.05339583333333333
2 0.603515625 0.3567708333333333 0.013671875 0.036458333333333336
2 0.487796875 0.8665416666666667 0.047859374999999996 0.11589583333333334
2 0.601078125 0.8424583333333333 0.041999999999999996 0.12760416666666666
2 0.69825 0.8125 0.017578125 0.13802083333333334
2 0.7680625 0.8932291666666666 0.024421875000000003 0.1171875
2 0.8335000000000001 0.9082083333333333 0.028328125 0.08204166666666667
2 0.88671875 0.9544374999999999 0.02734375 0.057291666666666664
2 0.9765625 0.7552083333333334 0.02734375 0.0625
2 0.892578125 0.828125 0.044921875 0.09895833333333333
2 0.792484375 0.62825 0.014656250000000001 0.056
2 0.8354531250000001 0.5826875 0.020515625000000003 0.06641666666666667
2 0.723140625 0.6542916666666667 0.020515625000000003 0.06902083333333334
2 0.737796875 0.5475208333333333 0.024421875000000003 0.05339583333333333
2 0.778328125 0.574875 0.0234375 0.04558333333333333
1 0.8930624999999999 0.40429166666666666 0.08301562500000001 0.11850000000000001
1 0.692390625 0.26497916666666665 0.046875 0.10027083333333334
0 0.58496875 0.23502083333333335 0.0703125 0.16535416666666666
2 0.641109375 0.24935416666666665 0.008796875 0.050791666666666666
2 0.732421875 0.2929791666666667 0.017578125 0.036458333333333336
2 0.8139687500000001 0.7682291666666666 0.026375 0.09635416666666667
2 0.81640625 0.3177083333333333 0.017578125 0.044270833333333336
2 0.739265625 0.38345833333333335 0.017578125 0.0325625
2 0.723640625 0.49154166666666665 0.015625 0.0481875
