2 0.6765156250000001 0.34725 0.01940625 0.07314583333333333
2 0.602328125 0.3045625 0.016046875 0.0775
2 0.7149062500000001 0.42512500000000003 0.02446875 0.07583333333333334
2 0.759203125 0.4429166666666667 0.02271875 0.08427083333333334
2 0.754 0.5509375 0.027375 0.10716666666666666
2 0.7859375 0.39725 0.016765625 0.06889583333333334
3 0.38125 0.4375 0.38125 0.5979166666666667 0.3875 0.60625 0.4328125 0.6041666666666666 0.4734375 0.625 0.503125 0.5520833333333334 0.5234375 0.4354166666666667 0.5328125 0.2791666666666667 0.5171875 0.26458333333333334 0.4484375 0.25625 0.428125 0.2625 0.4 0.30833333333333335 0.396875 0.35833333333333334 0.4015625 0.36666666666666664
2 0.7890625 0.3625 0.7921875 0.36666666666666664 0.7921875 0.41875 0.7890625 0.43125 0.7828125 0.4375 0.778125 0.42916666666666664 0.778125 0.41875 0.7765625 0.4166666666666667 0.778125 0.4125 0.778125 0.39375 0.7734375 0.3729166666666667 0.7765625 0.3645833333333333 0.7875 0.3625
2 0.25625 0.8833333333333333 0.259375 0.8875 0.259375 0.8958333333333334 0.2625 0.9 0.265625 0.9 0.2671875 0.90625 0.278125 0.9041666666666667 0.2828125 0.8958333333333334 0.28125 0.8854166666666666 0.2828125 0.8583333333333333 0.2890625 0.8520833333333333 0.29375 0.8520833333333333 0.2984375 0.8583333333333333 0.3015625 0.875 0.3 0.8791666666666667 0.3 0.9041666666666667 0.3125 0.9166666666666666 0.3109375 0.9375 0.3046875 0.9416666666666667 0.303125 0.9520833333333333 0.3046875 0.9541666666666667 0.3046875 0.9895833333333334 0.3 0.9958333333333333 0.2765625 0.99375 0.2734375 0.9895833333333334 0.265625 0.9916666666666667 0.2625 0.9875 0.2609375 0.9833333333333333 0.2640625 0.9666666666666667 0.2640625 0.9291666666666667 0.25625 0.9125 0.2546875 0.8979166666666667 0.2484375 0.8895833333333333 0.25 0.8833333333333333 0.2546875 0.8833333333333333
2 0.69921875 0.24375 0.0203125 0.0625
2 0.7140625 0.5135416666666667 0.03125 0.09791666666666667
2 0.6671875 0.2875 0.6703125 0.2875 0.675 0.29583333333333334 0.678125 0.29583333333333334 0.684375 0.28958333333333336 0.6890625 0.28958333333333336 0.6921875 0.29583333333333334 0.6921875 0.3145833333333333 0.6890625 0.32083333333333336 0.6828125 0.3125 0.6734375 0.3125 0.6671875 0.31666666666666665 0.6640625 0.30833333333333335 0.6640625 0.29583333333333334 0.6671875 0.28958333333333336
2 0.73125 0.275 0.7375 0.2833333333333333 0.7375 0.29583333333333334 0.7359375 0.29791666666666666 0.734375 0.32916666666666666 0.7296875 0.33958333333333335 0.7203125 0.31666666666666665 0.7171875 0.31666666666666665 0.7125 0.3229166666666667 0.709375 0.31875 0.715625 0.2916666666666667 0.715625 0.2833333333333333 0.725 0.275 0.7296875 0.275
2 0.715625 0.325 0.7203125 0.32708333333333334 0.728125 0.3458333333333333 0.7296875 0.3729166666666667 0.73125 0.375 0.7296875 0.3875 0.7265625 0.39375 0.7234375 0.38958333333333334 0.7109375 0.39375 0.7078125 0.39791666666666664 0.703125 0.39791666666666664 0.7015625 0.39375 0.7015625 0.37083333333333335 0.7046875 0.3625 0.70625 0.34375 0.7125 0.32916666666666666 0.715625 0.32708333333333334
2 0.1390625 0.8104166666666667 0.146875 0.8166666666666667 0.1546875 0.83125 0.1640625 0.8729166666666667 0.1640625 0.8916666666666667 0.153125 0.8916666666666667 0.1328125 0.8833333333333333 0.1078125 0.8791666666666667 0.096875 0.8708333333333333 0.0984375 0.8229166666666666 0.1015625 0.81875 0.1109375 0.8145833333333333 0.121875 0.8145833333333333 0.1296875 0.8104166666666667 0.1375 0.8104166666666667
2 0.5546875 0.4 0.55625 0.39791666666666664 0.55625 0.37916666666666665 0.559375 0.35833333333333334 0.5640625 0.3541666666666667 0.5734375 0.35625 0.5765625 0.36041666666666666 0.575 0.3645833333333333 0.5765625 0.37083333333333335 0.5765625 0.3854166666666667 0.575 0.3875 0.5765625 0.40625 0.571875 0.42916666666666664 0.5640625 0.44166666666666665 0.5609375 0.4395833333333333 0.5609375 0.43125 0.55625 0.41458333333333336 0.55625 0.40208333333333335
2 0.3625 0.38333333333333336 0.365625 0.3854166666666667 0.3671875 0.39166666666666666 0.3796875 0.39375 0.3875 0.40208333333333335 0.3875 0.41875 0.3828125 0.43333333333333335 0.3828125 0.44583333333333336 0.3796875 0.45625 0.378125 0.47708333333333336 0.371875 0.4875 0.36875 0.4875 0.3625 0.47708333333333336 0.3640625 0.43125 0.3671875 0.41458333333333336 0.365625 0.39166666666666666 0.3625 0.38958333333333334 0.3625 0.3854166666666667
2 0.396875 0.6875 0.403125 0.6916666666666667 0.4078125 0.7 0.40625 0.7020833333333333 0.4078125 0.7041666666666667 0.415625 0.7041666666666667 0.425 0.6979166666666666 0.43125 0.6979166666666666 0.4375 0.7041666666666667 0.440625 0.7125 0.440625 0.73125 0.4375 0.7416666666666667 0.434375 0.7479166666666667 0.4265625 0.75 0.4234375 0.7541666666666667 0.4125 0.7791666666666667 0.4140625 0.78125 0.4125 0.7854166666666667 0.40625 0.7916666666666666 0.4 0.7875 0.3953125 0.7708333333333334 0.3953125 0.75 0.396875 0.7479166666666667 0.3953125 0.7395833333333334 0.3984375 0.7354166666666667 0.3984375 0.725 0.39375 0.7145833333333333 0.3984375 0.7 0.3921875 0.69375 0.3921875 0.6895833333333333 0.3953125 0.6875
2 0.83359375 0.3072916666666667 0.0203125 0.05625
3 0.3484375 0.98125 0.346875 0.9979166666666667 0.7140625 0.99375 0.7078125 0.9708333333333333 0.7203125 0.9270833333333334 0.715625 0.9020833333333333 0.721875 0.89375 0.7171875 0.8895833333333333 0.73125 0.8729166666666667 0.7328125 0.8333333333333334 0.74375 0.825 0.7453125 0.7958333333333333 0.7609375 0.7416666666666667 0.7625 0.675 0.728125 0.6666666666666666 0.7265625 0.6208333333333333 0.7109375 0.6041666666666666 0.6953125 0.60625 0.6015625 0.56875 0.571875 0.5791666666666667 0.5046875 0.5666666666666667 0.46875 0.6479166666666667 0.4546875 0.7145833333333333 0.41875 0.7791666666666667 0.4140625 0.8 0.403125 0.8083333333333333 0.3703125 0.9333333333333333 0.3625 0.9375
1 0.7984375 0.5770833333333333 0.80625 0.6645833333333333 0.796875 0.7854166666666667 0.80625 0.8375 0.7953125 0.8625 0.7921875 0.8958333333333334 0.796875 0.9104166666666667 0.7921875 0.9145833333333333 0.8140625 0.9645833333333333 0.8078125 0.99375 0.9890625 0.9979166666666667 0.9921875 0.9104166666666667 0.98125 0.8166666666666667 0.990625 0.7145833333333333 0.959375 0.6270833333333333 0.9484375 0.6125 0.9484375 0.5979166666666667 0.934375 0.5833333333333334 0.8328125 0.5625 0.8171875 0.5625
1 0.796875 0.38333333333333336 0.790625 0.45416666666666666 0.796875 0.5041666666666667 0.80625 0.525 0.8265625 0.5291666666666667 0.840625 0.5604166666666667 0.8828125 0.5666666666666667 0.8921875 0.5104166666666666 0.8890625 0.43125 0.8640625 0.35208333333333336 0.840625 0.33958333333333335 0.8109375 0.33958333333333335 0.8 0.35833333333333334
1 0.5671875 0.44583333333333336 0.565625 0.5291666666666667 0.5734375 0.55625 0.5875 0.55625 0.5953125 0.54375 0.6140625 0.54375 0.6640625 0.5708333333333333 0.671875 0.5479166666666667 0.671875 0.4708333333333333 0.678125 0.44583333333333336 0.66875 0.38958333333333334 0.6578125 0.36666666666666664 0.6046875 0.35208333333333336
1 0.728125 0.21666666666666667 0.7265625 0.24375 0.7375 0.26875 0.78125 0.28125 0.7859375 0.275 0.7859375 0.21458333333333332 0.7765625 0.1875 0.74375 0.17708333333333334
1 0.5359375 0.14375 0.534375 0.15625 0.5484375 0.19375 0.5484375 0.21875 0.584375 0.22916666666666666 0.59375 0.17083333333333334 0.5921875 0.12916666666666668 0.575 0.11875
3 0.45625 0.175 0.4578125 0.19166666666666668 0.434375 0.2375 0.453125 0.25416666666666665 0.50625 0.2604166666666667 0.5328125 0.27708333333333335 0.546875 0.20625 0.540625 0.16875 0.521875 0.15416666666666667
