2 0.420453125 0.47431249999999997 0.134265625 0.2467291666666667
2 0.283421875 0.7329583333333333 0.21384375000000003 0.4412291666666667
2 0.782375 0.5218333333333333 0.10328124999999999 0.17706249999999998
3 0.8887499999999999 0.6226041666666667 0.03596875 0.11497916666666666
2 0.647671875 0.3499375 0.078515625 0.1461875
2 0.831328125 0.7961875 0.13679687499999998 0.36943750000000003
0 0.0714375 0.18939583333333332 0.142890625 0.2376875
3 0.2078125 0.24375 0.2109375 0.25416666666666665 0.2109375 0.2625 0.215625 0.26875 0.215625 0.28125 0.2140625 0.2875 0.209375 0.29375 0.1921875 0.29375 0.1890625 0.28958333333333336 0.1890625 0.2520833333333333 0.1921875 0.24583333333333332 0.20625 0.24375
3 0.8453125 0.24166666666666667 0.8484375 0.24791666666666667 0.85 0.25833333333333336 0.8484375 0.2833333333333333 0.8375 0.29583333333333334 0.8328125 0.28958333333333336 0.83125 0.2520833333333333 0.834375 0.24166666666666667 0.8375 0.23958333333333334 0.84375 0.24166666666666667
3 0.8140625 0.18125 0.8171875 0.18541666666666667 0.8171875 0.20833333333333334 0.8125 0.21875 0.80625 0.21875 0.8015625 0.2125 0.8 0.20416666666666666 0.8 0.19583333333333333 0.803125 0.18541666666666667 0.8078125 0.18125 0.8125 0.18125
3 0.7578125 0.33958333333333335 0.7546875 0.3375 0.75 0.34791666666666665 0.7453125 0.34791666666666665 0.7421875 0.34375 0.740625 0.3375 0.740625 0.28958333333333336 0.7421875 0.2833333333333333 0.746875 0.2791666666666667 0.7546875 0.2791666666666667 0.75625 0.28125 0.759375 0.3375
3 0.553125 0.425 0.56875 0.44583333333333336 0.5703125 0.45625 0.5734375 0.4625 0.5703125 0.4666666666666667 0.571875 0.47708333333333336 0.5671875 0.4875 0.56875 0.4895833333333333 0.565625 0.49375 0.5640625 0.51875 0.5578125 0.5291666666666667 0.5453125 0.5416666666666666 0.5390625 0.5375 0.5359375 0.5208333333333334 0.5328125 0.45625 0.5359375 0.4354166666666667 0.5390625 0.42916666666666664 0.5515625 0.425
3 0.61640625 0.28854166666666664 0.0171875 0.03958333333333333
3 0.5390625 0.025 0.5375 0.022916666666666665 0.5375 0.004166666666666667 0.540625 0.0020833333333333333 0.54375 0.010416666666666666 0.54375 0.016666666666666666 0.5421875 0.022916666666666665 0.540625 0.022916666666666665
3 0.86875 0.28125 0.8734375 0.28541666666666665 0.8765625 0.29791666666666666 0.8765625 0.325 0.871875 0.33958333333333335 0.8703125 0.3416666666666667 0.8625 0.3416666666666667 0.8578125 0.3333333333333333 0.8609375 0.2916666666666667 0.8671875 0.2833333333333333
3 0.7171875 0.2916666666666667 0.7234375 0.29583333333333334 0.7265625 0.3104166666666667 0.725 0.3125 0.7234375 0.33958333333333335 0.7171875 0.36041666666666666 0.7140625 0.3625 0.7078125 0.36041666666666666 0.7046875 0.35625 0.7046875 0.3416666666666667 0.7078125 0.32708333333333334 0.709375 0.29791666666666666 0.715625 0.2916666666666667
3 0.0359375 0.36041666666666666 0.0375 0.37083333333333335 0.03125 0.41458333333333336 0.03125 0.43333333333333335 0.025 0.45416666666666666 0.009375 0.46875 0 0.46875 0 0.4041666666666667 0.00625 0.40625 0.009375 0.4125 0.0171875 0.41458333333333336 0.0203125 0.41041666666666665 0.01875 0.40625 0.0171875 0.4041666666666667 0.009375 0.4041666666666667 0.01875 0.3958333333333333 0.0203125 0.3875 0.028125 0.37916666666666665 0.0265625 0.36875 0.034375 0.3625
3 0.7828125 0.2604166666666667 0.7859375 0.2604166666666667 0.7890625 0.25625 0.796875 0.25625 0.7984375 0.25833333333333336 0.796875 0.29583333333333334 0.7921875 0.3125 0.7890625 0.3145833333333333 0.7828125 0.30833333333333335 0.78125 0.3020833333333333 0.78125 0.26458333333333334 0.7828125 0.2625
3 0.496875 0.06458333333333334 0.5015625 0.07291666666666667 0.5015625 0.08333333333333333 0.4984375 0.09583333333333334 0.49375 0.1 0.4859375 0.09791666666666667 0.4859375 0.08333333333333333 0.4890625 0.06875 0.4953125 0.06458333333333334
3 0.028125 0.85 0.034375 0.85625 0.05625 0.8541666666666666 0.065625 0.8583333333333333 0.065625 0.8645833333333334 0.0578125 0.8770833333333333 0.059375 0.91875 0.071875 0.9604166666666667 0.0703125 0.9729166666666667 0.0609375 0.9833333333333333 0.0703125 0.99375 0.065625 0.9979166666666667 0.03125 0.9979166666666667 0.0296875 0.9958333333333333 0.0109375 0.9979166666666667 0.0015625 0.99375 0 0.9895833333333334 0 0.9645833333333333 0.0015625 0.9583333333333334 0.00625 0.9520833333333333 0.009375 0.9333333333333333 0.009375 0.9270833333333334 0.00625 0.9208333333333333 0.00625 0.90625 0.0140625 0.8791666666666667 0.015625 0.8541666666666666 0.01875 0.85 0.0265625 0.85
3 0.9015625 0.3333333333333333 0.90625 0.32916666666666666 0.9109375 0.3333333333333333 0.91875 0.3729166666666667 0.91875 0.39375 0.915625 0.4 0.9171875 0.40208333333333335 0.915625 0.4083333333333333 0.909375 0.4125 0.9 0.41041666666666665 0.89375 0.4041666666666667 0.890625 0.4 0.890625 0.3770833333333333 0.8921875 0.375 0.8921875 0.3645833333333333 0.8953125 0.35833333333333334 0.89375 0.35208333333333336 0.8953125 0.3541666666666667 0.8984375 0.35208333333333336 0.896875 0.34791666666666665 0.9015625 0.3458333333333333 0.9046875 0.33958333333333335 0.903125 0.33541666666666664
3 0.18125 0.2 0.1875 0.20833333333333334 0.1890625 0.22291666666666668 0.1859375 0.2375 0.175 0.24375 0.1671875 0.24375 0.1640625 0.2375 0.1640625 0.22916666666666666 0.1703125 0.20625 0.1734375 0.20208333333333334 0.1796875 0.2
3 0.8171875 0.40625 0.8328125 0.41041666666666665 0.834375 0.4125 0.8328125 0.41875 0.8375 0.43125 0.83125 0.45208333333333334 0.83125 0.4666666666666667 0.828125 0.48333333333333334 0.8234375 0.47708333333333336 0.8171875 0.45208333333333334 0.8078125 0.4375 0.8109375 0.4166666666666667 0.80625 0.4083333333333333 0.80625 0.4041666666666667 0.8109375 0.4 0.815625 0.40625
3 0.4796875 0.08541666666666667 0.478125 0.08125 0.478125 0.0625 0.4796875 0.052083333333333336 0.484375 0.04375 0.4875 0.04583333333333333 0.4890625 0.052083333333333336 0.4890625 0.06666666666666667 0.4859375 0.08125 0.48125 0.08541666666666667
3 0.875 0.5583333333333333 0.88125 0.5666666666666667 0.9 0.56875 0.90625 0.575 0.90625 0.5833333333333334 0.903125 0.5895833333333333 0.903125 0.6083333333333333 0.8984375 0.6333333333333333 0.8984375 0.65625 0.8953125 0.6645833333333333 0.89375 0.6833333333333333 0.890625 0.68125 0.8828125 0.6479166666666667 0.8671875 0.6083333333333333 0.86875 0.5875 0.8703125 0.5854166666666667 0.86875 0.5604166666666667 0.8734375 0.5583333333333333
3 0.6015625 0.12916666666666668 0.6046875 0.12708333333333333 0.6078125 0.12916666666666668 0.6109375 0.13541666666666666 0.6109375 0.14791666666666667 0.6125 0.15 0.6125 0.17291666666666666 0.6109375 0.17708333333333334 0.60625 0.18333333333333332 0.6 0.18125 0.5984375 0.1625 0.6 0.16041666666666668 0.6 0.13333333333333333 0.6015625 0.13125
3 0.4375 0.6979166666666666 0.440625 0.7041666666666667 0.45 0.7041666666666667 0.4546875 0.7125 0.4515625 0.7354166666666667 0.453125 0.7458333333333333 0.45625 0.7520833333333333 0.45625 0.7625 0.4484375 0.78125 0.4484375 0.7854166666666667 0.4453125 0.7895833333333333 0.4453125 0.79375 0.4421875 0.7979166666666667 0.4421875 0.8020833333333334 0.4390625 0.80625 0.4390625 0.8208333333333333 0.4359375 0.825 0.4265625 0.8270833333333333 0.4203125 0.8354166666666667 0.4171875 0.8583333333333333 0.4140625 0.8645833333333334 0.4109375 0.8541666666666666 0.4125 0.85 0.4125 0.8208333333333333 0.4078125 0.8104166666666667 0.409375 0.80625 0.4015625 0.7958333333333333 0.4015625 0.7875 0.4078125 0.7729166666666667 0.4109375 0.7375 0.415625 0.725 0.415625 0.70625 0.409375 0.69375 0.4109375 0.6916666666666667 0.421875 0.6916666666666667 0.4359375 0.6979166666666666
2 0.58125 0.5166666666666667 0.5578125 0.6229166666666667 0.5359375 0.6333333333333333 0.5359375 0.65 0.54375 0.6541666666666667 0.55 0.6854166666666667 0.5359375 0.7583333333333333 0.5390625 0.8333333333333334 0.55 0.85 0.5796875 0.85 0.58125 0.8208333333333333 0.6109375 0.8020833333333334 0.6203125 0.8208333333333333 0.6234375 0.8583333333333333 0.640625 0.86875 0.64375 0.8833333333333333 0.6703125 0.8916666666666667 0.6859375 0.8479166666666667 0.6859375 0.7416666666666667 0.696875 0.68125 0.7046875 0.6708333333333333 0.6890625 0.6395833333333333 0.6765625 0.5291666666666667 0.6625 0.5020833333333333 0.6203125 0.4875 0.5921875 0.49583333333333335
2 0.584375 0.46458333333333335 0.584375 0.5 0.5984375 0.4875 0.621875 0.48541666666666666 0.675 0.5041666666666667 0.665625 0.42083333333333334 0.6609375 0.4041666666666667 0.6421875 0.3875 0.6078125 0.3854166666666667
2 0.475 0.29375 0.471875 0.3458333333333333 0.4875 0.375 0.4875 0.4 0.5203125 0.44166666666666665 0.5203125 0.45 0.528125 0.4479166666666667 0.5515625 0.35833333333333334 0.5453125 0.28541666666666665 0.5265625 0.26458333333333334 0.4953125 0.2625
2 0.465625 0.24583333333333332 0.471875 0.25625 0.46875 0.27708333333333335 0.4734375 0.2875 0.484375 0.2708333333333333 0.5046875 0.2604166666666667 0.55 0.26666666666666666 0.5421875 0.22291666666666668 0.5265625 0.20833333333333334 0.4953125 0.20625
2 0.63125 0.17916666666666667 0.6234375 0.20416666666666666 0.6328125 0.23333333333333334 0.675 0.23958333333333334 0.678125 0.2125 0.66875 0.175 0.6390625 0.16666666666666666
2 0.6953125 0.21875 0.6984375 0.2604166666666667 0.7375 0.2604166666666667 0.7484375 0.24375 0.740625 0.19791666666666666 0.73125 0.18541666666666667 0.70625 0.18541666666666667