4 0.329671875 0.512875 0.22825 0.6043541666666666
4 0.6660625 0.28408333333333335 0.111234375 0.30852083333333336
2 0.793296875 0.49624999999999997 0.11371875000000001 0.34943749999999996
3 0.493484375 0.7230000000000001 0.03740625 0.11074999999999999
3 0.874578125 0.4365 0.01675 0.051041666666666666
2 0.8198281250000001 0.8431041666666667 0.13964062500000002 0.3137916666666667
2 0.613765625 0.7304791666666667 0.112296875 0.2916666666666667
3 0.3149375 0.9583333333333334 0.049796875000000004 0.08333333333333333
3 0.17725 0.890625 0.055671875 0.12239583333333333
3 0.043453124999999995 0.8932291666666666 0.038078125000000004 0.09114583333333333
3 0.42090625 0.7076875 0.021484375 0.07422916666666667
3 0.8803750000000001 0.62175 0.016609375000000003 0.06641666666666667
3 0.899421875 0.6790416666666667 0.015625 0.04558333333333333
3 0.9399374999999999 0.6796875 0.020515625000000003 0.0546875
3 0.96875 0.768875 0.0234375 0.08204166666666667
3 0.9379843749999999 0.9511666666666667 0.032234374999999996 0.07162500000000001
3 0.9438437499999999 0.8632916666666667 0.041999999999999996 0.078125
0 0.48828125 0.36133333333333334 0.05078125 0.2695208333333333
3 0.541015625 0.5976666666666667 0.02734375 0.08854166666666667
3 0.9702187500000001 0.5885416666666666 0.020515625000000003 0.041666666666666664
3 0.9213906250000001 0.4739583333333333 0.00684375 0.028645833333333332
3 0.989265625 0.6647083333333333 0.01953125 0.05339583333333333
3 0.907234375 0.5377708333333333 0.0234375 0.0625
3 0.9008749999999999 0.43554166666666666 0.018562500000000003 0.035166666666666666
3 0.75634375 0.31314583333333335 0.014656250000000001 0.035166666666666666
3 0.15918749999999998 0.21354166666666666 0.01171875 0.041666666666666664
3 0.373046875 0.1953125 0.015625 0.03125
3 0.347171875 0.8183541666666667 0.022468750000000003 0.07943750000000001