2 0.6435625 0.7662708333333333 0.16015625 0.23308333333333334
4 0.6484375 0.3697916666666667 0.18359375 0.3567708333333333
4 0.492671875 0.22527083333333334 0.102546875 0.1796875
2 0.470703125 0.32227083333333334 0.095703125 0.10547916666666667
2 0.434078125 0.484375 0.13378125000000002 0.14583333333333334
2 0.289546875 0.6914166666666667 0.17089062500000002 0.2760416666666667
3 0.500484375 0.7799583333333333 0.0595625 0.20833333333333334
3 0.20410937499999998 0.6152291666666667 0.05859375 0.18358333333333335
3 0.76171875 0.39647916666666666 0.03515625 0.08464583333333334
3 0.8569375000000001 0.4961041666666667 0.057625 0.11458333333333333
2 0.8623125 0.7682291666666666 0.13671875 0.28125
3 0.06982812499999999 0.9329375 0.0595625 0.10285416666666666
3 0.14696875 0.7558541666666667 0.043937500000000004 0.12889583333333332
2 0.06543750000000001 0.21029166666666665 0.091796875 0.11068750000000001