2 0.6245 0.45920833333333333 0.10774999999999998 0.11558333333333333
2 0.623578125 0.686125 0.124984375 0.3594583333333333
2 0.7828906250000001 0.5231458333333333 0.10610937499999999 0.17547916666666669
2 0.049109375 0.3736041666666667 0.09821875 0.17679166666666665
2 0.275671875 0.68675 0.219578125 0.34772916666666664
2 0.745734375 0.3374375 0.067 0.14539583333333334
2 0.423359375 0.471375 0.13089062499999998 0.24439583333333334
3 0.905046875 0.6964375 0.037375000000000005 0.10422916666666666
3 0.020484375 0.9603125 0.040953125 0.07939583333333333
3 0.934375 0.6729166666666667 0.025265625000000003 0.07908333333333334
3 0.9765625 0.61875 0.9765625 0.625 0.9734375 0.6291666666666667 0.975 0.6479166666666667 0.971875 0.6604166666666667 0.9734375 0.6625 0.971875 0.68125 0.96875 0.68125 0.96875 0.6708333333333333 0.965625 0.6645833333333333 0.9625 0.6645833333333333 0.959375 0.66875 0.9484375 0.66875 0.94375 0.6625 0.940625 0.65 0.9421875 0.6479166666666667 0.9421875 0.6375 0.95 0.6208333333333333 0.953125 0.61875 0.9609375 0.61875 0.9625 0.6208333333333333 0.975 0.61875
3 0.30625 0.45208333333333334 0.309375 0.45625 0.309375 0.47291666666666665 0.3109375 0.475 0.325 0.47708333333333336 0.334375 0.4895833333333333 0.3375 0.4895833333333333 0.340625 0.49375 0.3421875 0.5041666666666667 0.3375 0.51875 0.3203125 0.51875 0.30625 0.5145833333333333 0.2890625 0.5166666666666667 0.284375 0.5125 0.2875 0.49166666666666664 0.2921875 0.48125 0.2921875 0.4708333333333333 0.2953125 0.4666666666666667 0.2953125 0.4583333333333333 0.296875 0.45416666666666666 0.3046875 0.45208333333333334
3 0.8 0.39375 0.8109375 0.3958333333333333 0.815625 0.4 0.8140625 0.43333333333333335 0.8125 0.4375 0.803125 0.4375 0.796875 0.42916666666666664 0.8 0.3958333333333333
3 0.85625 0.24583333333333332 0.859375 0.2520833333333333 0.8609375 0.29583333333333334 0.8546875 0.31875 0.8390625 0.29791666666666666 0.8390625 0.2791666666666667 0.84375 0.26875 0.8453125 0.25416666666666665 0.85 0.24583333333333332 0.8546875 0.24583333333333332
3 0.1390625 0.9541666666666667 0.1453125 0.9583333333333334 0.1484375 0.9666666666666667 0.146875 0.9916666666666667 0.14375 0.9979166666666667 0.121875 0.9979166666666667 0.11875 0.9895833333333334 0.11875 0.9729166666666667 0.121875 0.95625 0.125 0.9520833333333333 0.1375 0.9541666666666667
3 0.8375 0.4354166666666667 0.8484375 0.44583333333333336 0.84375 0.45416666666666666 0.84375 0.49375 0.8421875 0.49583333333333335 0.8421875 0.5083333333333333 0.8484375 0.5354166666666667 0.84375 0.5395833333333333 0.8375 0.5375 0.8296875 0.4979166666666667 0.8234375 0.47708333333333336 0.8234375 0.4708333333333333 0.8203125 0.4666666666666667 0.815625 0.4479166666666667 0.8171875 0.4395833333333333 0.825 0.4395833333333333 0.83125 0.4354166666666667 0.8359375 0.4354166666666667
3 0.3453125 0.12083333333333333 0.015625 0.029166666666666667
3 0.909375 0.34791666666666665 0.915625 0.3625 0.9171875 0.3875 0.91875 0.38958333333333334 0.9171875 0.39375 0.91875 0.3958333333333333 0.9171875 0.41458333333333336 0.9109375 0.42083333333333334 0.9046875 0.41875 0.8984375 0.4125 0.890625 0.41041666666666665 0.8875 0.39375 0.890625 0.34791666666666665 0.8921875 0.3458333333333333 0.9078125 0.34791666666666665
3 0.8765625 0.29791666666666666 0.88125 0.30833333333333335 0.88125 0.33541666666666664 0.8765625 0.34375 0.8640625 0.3416666666666667 0.8609375 0.32916666666666666 0.865625 0.30416666666666664 0.875 0.29791666666666666
3 0.08125 0.76875 0.0921875 0.7791666666666667 0.0921875 0.7895833333333333 0.09375 0.7916666666666666 0.0890625 0.7979166666666667 0.0890625 0.8208333333333333 0.0921875 0.8291666666666667 0.0921875 0.8416666666666667 0.0953125 0.8458333333333333 0.096875 0.8541666666666666 0.0953125 0.8583333333333333 0.08125 0.8604166666666667 0.0734375 0.86875 0.0734375 0.8833333333333333 0.071875 0.8854166666666666 0.0734375 0.9104166666666667 0.071875 0.9145833333333333 0.0703125 0.9145833333333333 0.0703125 0.9020833333333333 0.06875 0.9 0.0703125 0.8979166666666667 0.0703125 0.8854166666666666 0.0671875 0.875 0.0671875 0.8666666666666667 0.053125 0.8354166666666667 0.053125 0.8166666666666667 0.059375 0.79375 0.059375 0.7895833333333333 0.053125 0.78125 0.053125 0.775 0.0578125 0.7708333333333334 0.065625 0.775 0.071875 0.76875 0.0796875 0.76875
3 0.153125 0.6416666666666667 0.1609375 0.65 0.175 0.6520833333333333 0.1828125 0.6645833333333333 0.1953125 0.66875 0.1953125 0.6791666666666667 0.190625 0.6958333333333333 0.1828125 0.7020833333333333 0.1765625 0.69375 0.1703125 0.6770833333333334 0.165625 0.6708333333333333 0.159375 0.6708333333333333 0.15 0.6833333333333333 0.146875 0.6833333333333333 0.146875 0.6625 0.14375 0.6583333333333333 0.14375 0.65 0.1515625 0.64375
3 0.1640625 0.6708333333333333 0.1703125 0.6770833333333334 0.18125 0.7020833333333333 0.178125 0.7041666666666667 0.1796875 0.7104166666666667 0.178125 0.7270833333333333 0.1640625 0.75 0.1609375 0.7645833333333333 0.15625 0.775 0.1546875 0.7875 0.146875 0.8041666666666667 0.1375 0.8020833333333334 0.128125 0.80625 0.125 0.8041666666666667 0.121875 0.79375 0.121875 0.7666666666666667 0.13125 0.7458333333333333 0.1421875 0.7354166666666667 0.15 0.7145833333333333 0.1515625 0.69375 0.1484375 0.68125 0.1625 0.6708333333333333
3 0.365625 0.42291666666666666 0.3625 0.4479166666666667 0.359375 0.45416666666666666 0.359375 0.4625 0.3546875 0.475 0.3515625 0.49375 0.346875 0.49166666666666664 0.34375 0.475 0.3453125 0.43125 0.35 0.4270833333333333 0.3640625 0.425
3 0.940625 0.5458333333333333 0.95 0.5583333333333333 0.95 0.5645833333333333 0.946875 0.5708333333333333 0.9484375 0.5729166666666666 0.9484375 0.5875 0.946875 0.5958333333333333 0.9375 0.6083333333333333 0.9375 0.6166666666666667 0.93125 0.6229166666666667 0.93125 0.6375 0.9296875 0.6291666666666667 0.93125 0.6229166666666667 0.9265625 0.61875 0.928125 0.6145833333333334 0.925 0.6104166666666667 0.925 0.6041666666666666 0.921875 0.5979166666666667 0.91875 0.56875 0.921875 0.5520833333333334 0.9390625 0.5458333333333333
3 0.5046875 0.5520833333333334 0.5109375 0.5520833333333334 0.5125 0.5583333333333333 0.5171875 0.5645833333333333 0.534375 0.5666666666666667 0.5421875 0.5729166666666666 0.546875 0.575 0.5484375 0.5729166666666666 0.55 0.5770833333333333 0.5453125 0.59375 0.546875 0.6166666666666667 0.5359375 0.64375 0.5375 0.6541666666666667 0.5359375 0.6729166666666667 0.5375 0.675 0.5328125 0.6875 0.528125 0.6916666666666667 0.5296875 0.6979166666666666 0.528125 0.7020833333333333 0.5296875 0.7104166666666667 0.528125 0.7270833333333333 0.51875 0.7395833333333334 0.509375 0.7395833333333334 0.5015625 0.7354166666666667 0.4984375 0.7291666666666666 0.5 0.6979166666666666 0.50625 0.6875 0.5046875 0.6854166666666667 0.50625 0.6770833333333334 0.5046875 0.6708333333333333 0.5078125 0.6625 0.5078125 0.6020833333333333 0.5109375 0.59375 0.5109375 0.5833333333333334 0.5078125 0.5791666666666667 0.509375 0.5604166666666667 0.5046875 0.5541666666666667
3 0.3234375 0.94375 0.3265625 0.9479166666666666 0.3328125 0.95 0.3421875 0.9604166666666667 0.35 0.9645833333333333 0.3515625 0.96875 0.35 0.9729166666666667 0.353125 0.9791666666666666 0.35625 0.9833333333333333 0.3609375 0.9833333333333333 0.3625 0.9875 0.3625 0.9958333333333333 0.359375 0.9979166666666667 0.3234375 0.9979166666666667 0.321875 0.9958333333333333 0.3171875 0.9979166666666667 0.315625 0.9958333333333333 0.3109375 0.9979166666666667 0.2890625 0.9979166666666667 0.2875 0.9958333333333333 0.2875 0.9895833333333334 0.2921875 0.9791666666666666 0.290625 0.975 0.29375 0.96875 0.290625 0.9625 0.2859375 0.9604166666666667 0.2859375 0.95625 0.2890625 0.9541666666666667 0.2921875 0.9645833333333333 0.29375 0.95625 0.2984375 0.95625 0.3015625 0.9520833333333333 0.3015625 0.9479166666666666 0.30625 0.94375 0.309375 0.9416666666666667 0.3203125 0.9416666666666667 0.321875 0.94375
3 0.01875 0.9270833333333334 0.0234375 0.9333333333333333 0.0328125 0.9375 0.0375 0.94375 0.04375 0.9604166666666667 0.046875 0.9791666666666666 0.05 0.9833333333333333 0.0609375 0.9833333333333333 0.0625 0.975 0.0640625 0.9770833333333333 0.0640625 0.99375 0.059375 0.9958333333333333 0.0578125 0.99375 0.040625 0.99375 0.0375 0.9979166666666667 0.0015625 0.9979166666666667 0 0.9958333333333333 0 0.9416666666666667 0.0046875 0.93125 0.003125 0.9270833333333334 0.0046875 0.925 0.015625 0.925 0.0171875 0.9270833333333334
3 0.909375 0.5791666666666667 0.9109375 0.58125 0.909375 0.5833333333333334 0.909375 0.61875 0.9171875 0.6729166666666667 0.9125 0.675 0.9046875 0.6875 0.9046875 0.69375 0.9109375 0.7 0.9109375 0.70625 0.90625 0.7125 0.8984375 0.70625 0.89375 0.69375 0.8875 0.6708333333333333 0.8875 0.6645833333333333 0.884375 0.6604166666666667 0.8828125 0.6479166666666667 0.8796875 0.64375 0.8796875 0.625 0.88125 0.6229166666666667 0.88125 0.6083333333333333 0.884375 0.6020833333333333 0.8828125 0.6 0.8828125 0.5875 0.8875 0.58125 0.8953125 0.5770833333333333 0.9078125 0.5791666666666667
3 0.60625 0.18958333333333333 0.615625 0.19375 0.61875 0.19791666666666666 0.6171875 0.23958333333333334 0.615625 0.24375 0.6109375 0.24583333333333332 0.6046875 0.24375 0.6015625 0.23541666666666666 0.6 0.20208333333333334 0.6015625 0.19166666666666668 0.6046875 0.18958333333333333
3 0.784375 0.190625 0.015625 0.04375
3 0.4625 0.61875 0.4765625 0.63125 0.4828125 0.65 0.484375 0.675 0.4828125 0.6770833333333334 0.4828125 0.7 0.48125 0.7020833333333333 0.4828125 0.70625 0.48125 0.7083333333333334 0.4828125 0.71875 0.4828125 0.73125 0.48125 0.7333333333333333 0.4765625 0.73125 0.46875 0.7333333333333333 0.465625 0.7291666666666666 0.465625 0.7229166666666667 0.4625 0.7145833333333333 0.4625 0.7020833333333333 0.45625 0.6770833333333334 0.45625 0.6666666666666666 0.4515625 0.6416666666666667 0.45625 0.6291666666666667 0.45625 0.6229166666666667 0.4609375 0.61875
0 0.0625 0.04791666666666667 0.0546875 0.058333333333333334 0 0.07291666666666667 0 0.28125 0.065625 0.2791666666666667 0.0875 0.24166666666666667 0.1203125 0.22708333333333333 0.1359375 0.23333333333333334 0.1484375 0.22083333333333333 0.153125 0.20416666666666666 0.1703125 0.19375 0.165625 0.13333333333333333 0.1734375 0.12916666666666668 0.18125 0.10833333333333334 0.18125 0.05 0.15625 0.03125 0.109375 0.035416666666666666 0.0828125 0.052083333333333336
2 0.6015625 0.33958333333333335 0.5953125 0.3625 0.6 0.38333333333333336 0.6390625 0.38333333333333336 0.6640625 0.40208333333333335 0.68125 0.48541666666666666 0.6890625 0.42083333333333334 0.6875 0.35625 0.6921875 0.34791666666666665 0.684375 0.28541666666666665 0.628125 0.275 0.615625 0.2916666666666667 0.6125 0.33125
2 0.4578125 0.32708333333333334 0.45625 0.34375 0.478125 0.35833333333333334 0.4890625 0.3875 0.490625 0.46458333333333335 0.5046875 0.4875 0.525 0.4875 0.5453125 0.4125 0.5453125 0.29375 0.528125 0.28125 0.4796875 0.2791666666666667 0.465625 0.2875
2 0.4671875 0.25 0.471875 0.2604166666666667 0.4640625 0.27291666666666664 0.471875 0.28541666666666665 0.490625 0.27708333333333335 0.5453125 0.28958333333333336 0.55 0.2833333333333333 0.5390625 0.22708333333333333 0.5265625 0.21041666666666667 0.496875 0.20833333333333334
2 0.7546875 0.7166666666666667 0.7515625 0.8125 0.7578125 0.8416666666666667 0.759375 0.9520833333333333 0.76875 0.99375 0.8984375 0.9979166666666667 0.909375 0.9895833333333334 0.921875 0.9416666666666667 0.9203125 0.8833333333333333 0.8890625 0.6854166666666667 0.865625 0.6208333333333333 0.840625 0.6083333333333333 0.7859375 0.60625 0.7640625 0.66875