2 0.49506249999999996 0.26775000000000004 0.07034375000000001 0.12862500000000002
2 0.40996875 0.46947916666666667 0.13496875 0.261
3 0.609328125 0.6884791666666668 0.0473125 0.11020833333333332
3 0.663265625 0.45506250000000004 0.02278125 0.0855625
3 0.70096875 0.5855416666666666 0.04084375 0.11125
3 0.97178125 0.6839583333333333 0.056421874999999996 0.12391666666666666
3 0.87625 0.5059791666666666 0.03678125 0.08320833333333333
2 0.29584375 0.7514375 0.1785625 0.38627083333333334
3 0.8700468750000001 0.9481458333333334 0.048078125 0.10370833333333333
3 0.46728125 0.7480416666666667 0.040046874999999996 0.1575625
3 0.590828125 0.578125 0.025390625 0.0859375
3 0.55321875 0.38997916666666665 0.022468750000000003 0.08725000000000001
3 0.715328125 0.41602083333333334 0.024421875000000003 0.056
3 0.730953125 0.3046875 0.012703125000000001 0.057291666666666664
3 0.778328125 0.3125 0.02734375 0.0703125
3 0.828125 0.3502708333333333 0.015625 0.0625
4 0.641609375 0.21354166666666666 0.08203125 0.1796875
3 0.793453125 0.2435 0.00878125 0.033854166666666664