0 0.7545 0.21358333333333332 0.10184375000000001 0.23597916666666666
4 0.075953125 0.26516666666666666 0.13804687499999999 0.1891875
4 0.631796875 0.5593333333333333 0.157390625 0.6378541666666667
2 0.394921875 0.6385208333333333 0.14865625 0.3348541666666666
2 0.883640625 0.7063958333333333 0.1290625 0.3858958333333333
2 0.46814062500000003 0.41791666666666666 0.108234375 0.20004166666666665
2 0.22985937500000003 0.31935416666666666 0.108671875 0.184375
3 0.266453125 0.9613125 0.056906250000000005 0.077375
2 0.032140625 0.5443333333333332 0.06428125 0.24035416666666667
3 0.919921875 0.470625 0.016828125 0.06841666666666667
2 0.48121875000000003 0.2886666666666667 0.081265625 0.10791666666666666
3 0.82584375 0.3833958333333333 0.01353125 0.035062499999999996