4 0.6877187499999999 0.4514166666666667 0.13353125 0.316375
4 0.825171875 0.44893750000000004 0.1161875 0.27912499999999996
2 0.8513437500000001 0.7219166666666667 0.13859375000000002 0.3267083333333333
3 0.5063125 0.5918333333333333 0.031453125 0.10137499999999999
3 0.5803281250000001 0.5420833333333334 0.016984375 0.06479166666666666
2 0.64209375 0.7701875 0.14234375 0.3549791666666666
3 0.435140625 0.6259791666666668 0.025203125 0.07747916666666667
4 0.465421875 0.2758541666666667 0.132078125 0.24039583333333334
2 0.198171875 0.8361875 0.240921875 0.3269375
2 0.403125 0.39791666666666664 0.3875 0.4479166666666667 0.4 0.46041666666666664 0.4171875 0.51875 0.425 0.58125 0.4984375 0.5 0.509375 0.4354166666666667 0.5015625 0.38958333333333334 0.4890625 0.36041666666666666 0.43125 0.35833333333333334
2 0.240625 0.5791666666666667 0.2453125 0.6166666666666667 0.2296875 0.6604166666666667 0.2890625 0.6916666666666667 0.315625 0.7208333333333333 0.328125 0.7645833333333333 0.328125 0.7895833333333333 0.359375 0.7979166666666667 0.38125 0.70625 0.4 0.66875 0.4140625 0.6020833333333333 0.4171875 0.5333333333333333 0.4 0.46458333333333335 0.3609375 0.44583333333333336 0.315625 0.45416666666666666 0.2703125 0.525 0.259375 0.5625
2 0.615625 0.13958333333333334 0.6140625 0.19375 0.6234375 0.23125 0.68125 0.24583333333333332 0.6875 0.23333333333333334 0.6890625 0.14166666666666666 0.65 0.11666666666666667 0.628125 0.11875
2 0.55 0.15416666666666667 0.5453125 0.16041666666666668 0.5515625 0.17291666666666666 0.5453125 0.23333333333333334 0.5765625 0.24166666666666667 0.5859375 0.21875 0.5828125 0.15416666666666667
2 0.73125 0.22708333333333333 0.73125 0.2604166666666667 0.7578125 0.2625 0.7796875 0.29583333333333334 0.7859375 0.29583333333333334 0.7890625 0.25416666666666665 0.784375 0.22291666666666668 0.7359375 0.2125