2 0.506359375 0.44891666666666663 0.09518750000000001 0.22445833333333332
2 0.6445937500000001 0.30985416666666665 0.059015625 0.1489375
2 0.647921875 0.6798333333333333 0.132046875 0.2927916666666667
2 0.3249375 0.653125 0.168171875 0.3358541666666667
3 0.38509375 0.8329166666666666 0.0388125 0.10989583333333333
2 0.65840625 0.4439791666666667 0.099265625 0.14795833333333333
3 0.76190625 0.683875 0.02753125 0.0910625
3 0.73265625 0.32839583333333333 0.019953125 0.06222916666666667
3 0.8168593749999999 0.42720833333333336 0.016546875 0.06066666666666667
3 0.879890625 0.5300833333333334 0.024281249999999997 0.08239583333333332
3 0.827171875 0.5104583333333333 0.033171875 0.08762500000000001
3 0.7398125 0.40208333333333335 0.016484375000000002 0.058270833333333334
3 0.9371875 0.632375 0.018421874999999997 0.08170833333333333
3 0.956421875 0.9520833333333333 0.043796875 0.07595833333333334
3 0.77 0.3505625 0.01378125 0.04402083333333333
3 0.9398125 0.685625 0.025124999999999998 0.08262499999999999
3 0.835734375 0.6172291666666666 0.019875 0.067375
3 0.8032812500000001 0.36791666666666667 0.0120625 0.042208333333333334
3 0.915421875 0.5668541666666667 0.0144375 0.063875
3 0.171875 0.8489583333333334 0.0390625 0.09635416666666667
3 0.11084374999999999 0.956375 0.024421875000000003 0.08464583333333334
3 0.08301562500000001 0.8072916666666666 0.044921875 0.12760416666666666
3 0.308109375 0.9733125 0.06934375000000001 0.05339583333333333
3 0.218265625 0.9388124999999999 0.038093749999999996 0.1015625
3 0.425296875 0.722 0.032234374999999996 0.07422916666666667
3 0.8618124999999999 0.9368541666666667 0.026375 0.10027083333333334
3 0.868171875 0.6757916666666667 0.015625 0.0625
3 0.76465625 0.46029166666666665 0.013671875 0.07943750000000001
3 0.907234375 0.48633333333333334 0.0234375 0.056
3 0.8872031249999999 0.42122916666666665 0.020515625000000003 0.06902083333333334
3 0.85546875 0.3190208333333333 0.009765625 0.059895833333333336
3 0.841796875 0.2734375 0.02734375 0.046875
3 0.560546875 0.390625 0.017578125 0.0703125
3 0.417 0.9485625 0.029296875 0.08464583333333334
3 0.527828125 0.9225208333333333 0.036140624999999996 0.08725000000000001
3 0.472171875 0.7773541666666667 0.028328125 0.046875
2 0.491703125 0.31445833333333334 0.09667187499999999 0.1419375
2 0.841796875 0.7988333333333333 0.02734375 0.08985416666666667
2 0.765625 0.81575 0.03125 0.06641666666666667