2 0.328609375 0.5768333333333333 0.13574999999999998 0.2786458333333333
4 0.396484375 0.3945416666666667 0.1171875 0.19791666666666666
2 0.60303125 0.699875 0.12989062499999998 0.3268333333333333
2 0.609375 0.4375 0.10546875 0.20833333333333334
2 0.8081093750000001 0.7070416666666667 0.13965624999999998 0.2942708333333333
2 0.765140625 0.4830833333333333 0.09473437500000001 0.18229166666666666
2 0.75390625 0.36914583333333334 0.091796875 0.10808333333333334
2 0.753421875 0.28970833333333335 0.06346874999999999 0.10806249999999999
4 0.7475625 0.1575625 0.061515625 0.15104166666666666
2 0.480953125 0.33789583333333334 0.06934375000000001 0.17579166666666665
2 0.517578125 0.21679166666666666 0.05078125 0.10808333333333334
3 0.448734375 0.5553333333333333 0.026375 0.12370833333333334
3 0.50634375 0.581375 0.045906249999999996 0.14975
3 0.10498437499999999 0.793625 0.028328125 0.20183333333333334
3 0.151859375 0.890625 0.038093749999999996 0.15885416666666666
3 0.8530312500000001 0.4544375 0.028328125 0.12239583333333333
3 0.8774374999999999 0.5651041666666666 0.040046874999999996 0.20052083333333334
3 0.5444375 0.4283958333333333 0.024421875000000003 0.1328125
3 0.478515625 0.4856875 0.0234375 0.11458333333333333
3 0.37353125 0.16016666666666665 0.038093749999999996 0.1015625
3 0.25146875 0.8548125 0.043953124999999996 0.10547916666666667
3 0.309078125 0.9303333333333333 0.049812499999999996 0.1263125
3 0.69921875 0.9537708333333333 0.064453125 0.09245833333333334
3 0.970703125 0.8229166666666666 0.05078125 0.14583333333333334
3 0.4404375 0.7766875 0.03515625 0.134125