2 0.30615625 0.6230416666666667 0.17870312500000002 0.3632708333333333
2 0.477046875 0.49283333333333335 0.118171875 0.23829166666666665
3 0.56103125 0.3554791666666667 0.026375 0.12239583333333333
2 0.446296875 0.32877083333333335 0.09375 0.13933333333333334
2 0.658203125 0.653 0.134765625 0.3164166666666667
2 0.8515625 0.8209583333333333 0.16796875 0.3580833333333333
2 0.810546875 0.5761666666666667 0.13671875 0.16797916666666665
2 0.94825 0.6184999999999999 0.103515625 0.19270833333333334
3 0.85059375 0.4101666666666667 0.05078125 0.12760416666666666
2 0.754890625 0.34700000000000003 0.0703125 0.12891666666666668
4 0.65625 0.23308333333333334 0.103515625 0.1796875
2 0.648921875 0.42252083333333335 0.08106250000000001 0.165375
4 0.55371875 0.17708333333333334 0.0859375 0.19270833333333334
2 0.057625 0.2109375 0.080078125 0.09895833333333333
2 0.488765625 0.2526041666666667 0.06934375000000001 0.109375
3 0.7836875 0.2298125 0.040046874999999996 0.08725000000000001