2 0.768859375 0.44775 0.087703125 0.21720833333333334
2 0.4194375 0.4923541666666667 0.12260937499999999 0.23647916666666668
2 0.20801562499999998 0.8147291666666666 0.24300000000000002 0.3705416666666667
2 0.578296875 0.5562916666666666 0.1088125 0.2645
2 0.8099999999999999 0.7451041666666666 0.13414062499999999 0.3455625
2 0.45534375000000005 0.30883333333333335 0.097453125 0.17010416666666667
3 0.705609375 0.40731249999999997 0.032171875 0.083
3 0.928625 0.6390833333333333 0.028999999999999998 0.09725
3 0.670375 0.6921875 0.030328125 0.111125
3 0.97875 0.6701458333333333 0.028265625 0.088125
3 0.8461093749999999 0.47910416666666666 0.021546875 0.06866666666666667
2 0.017343749999999998 0.24625 0.03409375 0.14431249999999998
3 0.521484375 0.46679166666666666 0.021484375 0.06641666666666667
3 0.4873125 0.8216249999999999 0.046875 0.125
3 0.383796875 0.8808541666666667 0.044921875 0.11850000000000001
3 0.890625 0.49543750000000003 0.01953125 0.05339583333333333
3 0.922859375 0.5429791666666667 0.0234375 0.041666666666666664
3 0.9614218749999999 0.4700625 0.024421875000000003 0.06770833333333333
2 0.6225625 0.35612499999999997 0.07129687500000001 0.14714583333333334
2 0.644046875 0.25325000000000003 0.051765625 0.07943750000000001
3 0.9321249999999999 0.800125 0.040046874999999996 0.09506250000000001
3 0.8686562500000001 0.4270833333333333 0.012703125000000001 0.033854166666666664
2 0.734859375 0.21158333333333335 0.06737499999999999 0.11847916666666666
2 0.52978125 0.18620833333333334 0.057625 0.11458333333333333