0 0.6630625 0.20622916666666666 0.059078125 0.10125
3 0.21934375 0.9345416666666666 0.049078125 0.12585416666666666
3 0.260390625 0.8740625000000001 0.02828125 0.06189583333333334
4 0.6381875 0.5204583333333334 0.16118749999999998 0.3303125
2 0.839609375 0.6738333333333333 0.1428125 0.24104166666666668
2 0.637484375 0.3068958333333333 0.07759374999999999 0.09991666666666667
3 0.10773437500000001 0.7574583333333333 0.0305625 0.11402083333333332
3 0.25290625 0.79675 0.040765625 0.09316666666666666
3 0.414546875 0.6894791666666666 0.027234374999999998 0.08016666666666666
2 0.22370312499999997 0.27225 0.11667187500000001 0.17104166666666665
3 0.8206875 0.3744375 0.013609375000000002 0.04952083333333333
2 0.74721875 0.29433333333333334 0.064796875 0.11814583333333334
3 0.8928125 0.4829791666666667 0.016890625 0.06283333333333334
4 0.41659375 0.33310416666666665 0.14821875 0.29639583333333336
3 0.8169375000000001 0.38725 0.0168125 0.0660625
3 0.35071875 0.8101041666666667 0.01925 0.11397916666666667
3 0.505375 0.5963541666666666 0.032234374999999996 0.11458333333333333
3 0.44921875 0.6158958333333333 0.02734375 0.044270833333333336
3 0.20946875 0.7649791666666667 0.022468750000000003 0.10027083333333334
3 0.10303124999999999 0.9589791666666667 0.059578125 0.08204166666666667
3 0.015140625 0.9472708333333333 0.03028125 0.10287500000000001
3 0.40528125 0.9114583333333334 0.05078125 0.125
3 0.418453125 0.5618541666666667 0.016609375000000003 0.05339583333333333
3 0.47265625 0.4895833333333333 0.017578125 0.041666666666666664
2 0.7993125 0.50325 0.08106250000000001 0.10547916666666667
3 0.9721718750000001 0.5201875 0.020515625000000003 0.0638125
3 0.9028281249999999 0.6197916666666666 0.020515625000000003 0.057291666666666664
3 0.963875 0.6673125 0.021484375 0.042979166666666666
3 0.91796875 0.5195416666666667 0.02734375 0.06770833333333333
3 0.38915625 0.6588541666666666 0.026375 0.049479166666666664
2 0.2841875 0.5839791666666667 0.162109375 0.2617291666666667
3 0.520515625 0.4830833333333333 0.017578125 0.0390625
3 0.50928125 0.40625 0.014656250000000001 0.057291666666666664
3 0.741703125 0.4648541666666667 0.020515625000000003 0.0703125
3 0.288578125 0.9049583333333333 0.022468750000000003 0.06510416666666667