4 0.380453125 0.4545416666666667 0.19032812500000001 0.43122916666666666
2 0.941765625 0.5742499999999999 0.10928125 0.26922916666666663
2 0.803796875 0.7419791666666666 0.135546875 0.368875
2 0.7950468749999999 0.48945833333333333 0.11170312499999999 0.17279166666666665
3 0.4845625 0.7752916666666666 0.04278125 0.10658333333333332
0 0.021875 0.06458333333333334 0 0.07291666666666667 0 0.2875 0.0484375 0.275 0.0625 0.28125 0.0734375 0.25416666666666665 0.109375 0.22916666666666666 0.1140625 0.20208333333333334 0.1328125 0.20833333333333334 0.14375 0.19791666666666666 0.1671875 0.19583333333333333 0.1671875 0.15416666666666667 0.175 0.12916666666666668 0.171875 0.1 0.1375 0.041666666666666664 0.1109375 0.05 0.065625 0.05
2 0.003125 0.4375 0 0.5770833333333333 0.0484375 0.5854166666666667 0.0734375 0.6125 0.0875 0.59375 0.0953125 0.5645833333333333 0.1265625 0.5375 0.140625 0.5395833333333333 0.146875 0.53125 0.146875 0.4354166666666667 0.1203125 0.42291666666666666 0.1046875 0.40208333333333335 0.0515625 0.3958333333333333
3 0.265625 0.4625 0.2703125 0.4708333333333333 0.2703125 0.4791666666666667 0.275 0.4875 0.2765625 0.49583333333333335 0.275 0.5083333333333333 0.278125 0.5145833333333333 0.2765625 0.5166666666666667 0.2765625 0.5375 0.275 0.5395833333333333 0.275 0.6041666666666666 0.2734375 0.60625 0.271875 0.6291666666666667 0.26875 0.6333333333333333 0.2609375 0.6333333333333333 0.25625 0.6229166666666667 0.2484375 0.6145833333333334 0.2390625 0.5895833333333333 0.2390625 0.56875 0.2375 0.5666666666666667 0.2375 0.5458333333333333 0.25 0.50625 0.246875 0.48541666666666666 0.253125 0.48333333333333334 0.2578125 0.46875 0.2640625 0.4625
3 0.434375 0.5958333333333333 0.4375 0.6 0.4484375 0.6020833333333333 0.453125 0.6083333333333333 0.45625 0.6229166666666667 0.453125 0.6354166666666666 0.453125 0.6541666666666667 0.44375 0.68125 0.44375 0.6916666666666667 0.440625 0.6958333333333333 0.440625 0.7041666666666667 0.425 0.7229166666666667 0.4234375 0.73125 0.4140625 0.7375 0.4046875 0.7333333333333333 0.4015625 0.7270833333333333 0.4015625 0.7125 0.403125 0.7104166666666667 0.4015625 0.6479166666666667 0.4046875 0.6395833333333333 0.4046875 0.6270833333333333 0.4109375 0.5979166666666667 0.4171875 0.59375 0.43125 0.59375 0.4328125 0.5958333333333333
3 0.45 0.13125 0.4546875 0.12916666666666668 0.459375 0.13125 0.4625 0.14166666666666666 0.4609375 0.14375 0.4609375 0.15416666666666667 0.45625 0.16666666666666666 0.4484375 0.16875 0.446875 0.15 0.45 0.13333333333333333
3 0.8703125 0.33645833333333336 0.025 0.06875
3 0.4421875 0.06875 0.4453125 0.07083333333333333 0.4484375 0.07916666666666666 0.4484375 0.09791666666666667 0.4421875 0.10625 0.4375 0.10625 0.434375 0.10208333333333333 0.434375 0.07708333333333334 0.440625 0.06875
3 0.509375 0.4395833333333333 0.5125 0.44166666666666665 0.5171875 0.45625 0.515625 0.5083333333333333 0.509375 0.5229166666666667 0.5 0.5354166666666667 0.49375 0.5395833333333333 0.490625 0.49583333333333335 0.4875 0.48333333333333334 0.4890625 0.48125 0.4890625 0.4666666666666667 0.496875 0.45208333333333334 0.4984375 0.44166666666666665 0.5078125 0.4395833333333333
3 0.096875 0.33541666666666664 0.1 0.33958333333333335 0.1015625 0.36666666666666664 0.103125 0.36875 0.0984375 0.39166666666666666 0.09375 0.3958333333333333 0.0921875 0.39375 0.06875 0.39375 0.0625 0.38958333333333334 0.0625 0.37916666666666665 0.0640625 0.3770833333333333 0.0640625 0.35625 0.0625 0.35208333333333336 0.0640625 0.35 0.075 0.3541666666666667 0.0828125 0.3541666666666667 0.0859375 0.35833333333333334 0.0859375 0.3729166666666667 0.084375 0.375 0.0890625 0.38125 0.09375 0.38125 0.096875 0.3770833333333333 0.0953125 0.3729166666666667 0.0984375 0.35208333333333336 0.096875 0.34791666666666665 0.0984375 0.33958333333333335 0.096875 0.3375
3 0.1453125 0.2604166666666667 0.15 0.26875 0.15 0.275 0.1578125 0.29583333333333334 0.15 0.30625 0.1328125 0.3145833333333333 0.128125 0.3125 0.125 0.3 0.125 0.2708333333333333 0.1296875 0.2604166666666667 0.14375 0.2604166666666667
3 0.19375 0.24166666666666667 0.025 0.05
3 0.775 0.20416666666666666 0.7859375 0.20208333333333334 0.7890625 0.20625 0.7890625 0.22708333333333333 0.78125 0.24166666666666667 0.775 0.23958333333333334 0.7734375 0.23333333333333334 0.7734375 0.21875 0.771875 0.21666666666666667 0.775 0.20625
3 0.2421875 0.25416666666666665 0.25 0.25833333333333336 0.25 0.26875 0.246875 0.275 0.23125 0.28541666666666665 0.228125 0.28541666666666665 0.225 0.27708333333333335 0.2265625 0.275 0.225 0.24791666666666667 0.2265625 0.24583333333333332 0.234375 0.24583333333333332 0.240625 0.25416666666666665
3 0.375 0.16458333333333333 0.3765625 0.16875 0.3765625 0.19166666666666668 0.371875 0.20416666666666666 0.3671875 0.20833333333333334 0.3640625 0.20833333333333334 0.3578125 0.20208333333333334 0.3578125 0.17916666666666667 0.3640625 0.16666666666666666 0.3703125 0.1625 0.3734375 0.16458333333333333
3 0.47109375 0.12395833333333334 0.0171875 0.035416666666666666
3 0.42734375 0.13125 0.0140625 0.041666666666666664
3 0.50625 0.6520833333333333 0.509375 0.6708333333333333 0.5078125 0.675 0.509375 0.7354166666666667 0.50625 0.75 0.50625 0.7666666666666667 0.5078125 0.76875 0.50625 0.7708333333333334 0.5046875 0.8083333333333333 0.5 0.8166666666666667 0.4921875 0.8166666666666667 0.4890625 0.8104166666666667 0.484375 0.8083333333333333 0.4765625 0.7979166666666667 0.4765625 0.7916666666666666 0.471875 0.7791666666666667 0.4640625 0.7708333333333334 0.4578125 0.7708333333333334 0.453125 0.775 0.453125 0.7958333333333333 0.45 0.8 0.446875 0.7979166666666667 0.4453125 0.78125 0.4515625 0.7666666666666667 0.4515625 0.7541666666666667 0.453125 0.7520833333333333 0.4515625 0.7416666666666667 0.4484375 0.7354166666666667 0.45 0.7333333333333333 0.4484375 0.73125 0.45 0.7020833333333333 0.45625 0.7 0.465625 0.7125 0.4703125 0.7125 0.478125 0.7041666666666667 0.484375 0.7041666666666667 0.4859375 0.7020833333333333 0.48125 0.7 0.48125 0.6979166666666666 0.4890625 0.69375 0.4890625 0.6895833333333333 0.4828125 0.68125 0.4890625 0.675 0.4859375 0.6666666666666666 0.49375 0.6520833333333333 0.5046875 0.6520833333333333
3 0.9078125 0.3458333333333333 0.9125 0.35208333333333336 0.9125 0.38125 0.903125 0.39375 0.8984375 0.3958333333333333 0.8921875 0.39375 0.8875 0.3854166666666667 0.8859375 0.35625 0.890625 0.35 0.90625 0.3458333333333333
3 0.0875 0.3375 0.090625 0.33541666666666664 0.0953125 0.325 0.09375 0.31666666666666665 0.0984375 0.3125 0.0984375 0.325 0.1015625 0.33541666666666664 0.103125 0.37083333333333335 0.096875 0.39375 0.0703125 0.39375 0.0625 0.38958333333333334 0.0625 0.375 0.0640625 0.3729166666666667 0.0625 0.36875 0.0640625 0.36666666666666664 0.0625 0.3458333333333333 0.0640625 0.34375 0.075 0.35208333333333336 0.084375 0.35208333333333336 0.0890625 0.35833333333333334 0.0859375 0.375 0.0890625 0.37916666666666665 0.0953125 0.3770833333333333 0.0953125 0.3416666666666667 0.0921875 0.3375 0.0890625 0.3375
3 0.21171875 0.13854166666666667 0.0203125 0.027083333333333334
3 0.409375 0.15833333333333333 0.41875 0.15833333333333333 0.421875 0.1625 0.4203125 0.19166666666666668 0.415625 0.2 0.4109375 0.2 0.40625 0.19583333333333333 0.40625 0.175 0.409375 0.16041666666666668
3 0.1203125 0.2375 0.1234375 0.24166666666666667 0.125 0.26666666666666666 0.1234375 0.275 0.115625 0.2833333333333333 0.109375 0.2833333333333333 0.1078125 0.2791666666666667 0.10625 0.2520833333333333 0.1140625 0.23958333333333334 0.11875 0.2375
3 0.459375 0.9125 0.4640625 0.91875 0.4734375 0.9208333333333333 0.478125 0.93125 0.4796875 0.9458333333333333 0.4875 0.9729166666666667 0.4875 0.9979166666666667 0.4234375 0.9979166666666667 0.421875 0.9958333333333333 0.421875 0.9729166666666667 0.425 0.9520833333333333 0.434375 0.9208333333333333 0.4375 0.9166666666666666 0.4578125 0.9125
3 0.84609375 0.2604166666666667 0.0203125 0.05
3 0.5125 0.08020833333333334 0.0125 0.027083333333333334
3 0.7125 0.0625 0.7171875 0.0625 0.71875 0.06666666666666667 0.71875 0.08125 0.715625 0.08541666666666667 0.7109375 0.075 0.7125 0.06458333333333334
4 0.534375 0.425 0.53125 0.5979166666666667 0.5296875 0.6145833333333334 0.51875 0.6333333333333333 0.528125 0.6770833333333334 0.525 0.8291666666666667 0.540625 0.84375 0.64375 0.8666666666666667 0.6765625 0.8625 0.6859375 0.8520833333333333 0.6875 0.8041666666666667 0.709375 0.675 0.7109375 0.43125 0.7203125 0.38125 0.7125 0.27708333333333335 0.6921875 0.26666666666666666 0.58125 0.25416666666666665 0.5421875 0.3541666666666667
2 0.471875 0.24583333333333332 0.4671875 0.26458333333333334 0.475 0.26666666666666666 0.490625 0.3020833333333333 0.49375 0.36875 0.5 0.37916666666666665 0.5171875 0.3729166666666667 0.5328125 0.32916666666666666 0.5296875 0.25 0.515625 0.23125 0.49375 0.22708333333333333 0.4828125 0.22916666666666666
2 0.7171875 0.42916666666666664 0.7171875 0.5166666666666667 0.7234375 0.51875 0.7484375 0.4041666666666667 0.7703125 0.39791666666666664 0.8015625 0.40625 0.7828125 0.3416666666666667 0.7484375 0.33541666666666664 0.73125 0.3416666666666667
2 0.7234375 0.28958333333333336 0.725 0.3375 0.78125 0.3375 0.775 0.3020833333333333 0.7625 0.2791666666666667 0.73125 0.27708333333333335
2 0.534375 0.18333333333333332 0.5171875 0.20833333333333334 0.5171875 0.22916666666666666 0.5328125 0.25416666666666665 0.5375 0.29583333333333334 0.553125 0.3020833333333333 0.58125 0.22916666666666666 0.578125 0.19791666666666666 0.56875 0.18125 0.55 0.17708333333333334
2 0.7109375 0.23541666666666666 0.7109375 0.2604166666666667 0.7203125 0.27291666666666664 0.765625 0.2791666666666667 0.765625 0.25 0.7578125 0.22916666666666666 0.7203125 0.22083333333333333