2 0.6433125000000001 0.31002083333333336 0.057078125 0.14758333333333334
2 0.5062656249999999 0.44127083333333333 0.09243749999999999 0.21491666666666667
3 0.9567656250000001 0.9449791666666666 0.044937500000000005 0.10122916666666668
2 0.3205625 0.6571458333333333 0.169625 0.3310416666666667
2 0.6499843750000001 0.7182708333333333 0.13470312499999998 0.3592083333333333
3 0.9175625000000001 0.5712916666666668 0.016265625 0.07447916666666667
3 0.876203125 0.5265833333333333 0.027390625000000002 0.08687500000000001
2 0.367140625 0.18710416666666668 0.0458125 0.09547916666666666
3 0.93296875 0.6714791666666666 0.039218750000000004 0.11747916666666666
3 0.8342499999999999 0.54275 0.031609375 0.09970833333333333
3 0.8668906249999999 0.6337291666666667 0.021812500000000002 0.09735416666666666
3 0.8082968749999999 0.4711666666666667 0.0169375 0.08587499999999999
3 0.24312499999999998 0.17464583333333333 0.01871875 0.059041666666666666
3 0.157953125 0.421375 0.034453125 0.051333333333333335
3 0.536140625 0.6731874999999999 0.033203125 0.10677083333333333
3 0.477546875 0.6653749999999999 0.021484375 0.059895833333333336
3 0.434078125 0.7167916666666667 0.028328125 0.07422916666666667
3 0.083984375 0.8164166666666667 0.05078125 0.12239583333333333
3 0.024421875000000003 0.9173125 0.0234375 0.06120833333333333
3 0.23584375 0.9270833333333334 0.043953124999999996 0.09635416666666667
3 0.312984375 0.9804791666666667 0.057625 0.0390625
3 0.422859375 0.9511666666666667 0.05078125 0.09766666666666667
3 0.512203125 0.9212291666666667 0.051765625 0.05339583333333333
3 0.8090781249999999 0.9492291666666667 0.055671875 0.078125
3 0.92090625 0.8144583333333333 0.04296875 0.12110416666666667
3 0.8461874999999999 0.7975208333333333 0.028328125 0.07683333333333334
3 0.7685625 0.8307291666666666 0.03515625 0.1015625
3 0.75928125 0.7083333333333334 0.032234374999999996 0.08072916666666667
3 0.757328125 0.6145833333333334 0.03028125 0.057291666666666664
3 0.771484375 0.4661458333333333 0.025390625 0.08854166666666667
2 0.9292031250000001 0.43554166666666666 0.08690624999999999 0.178375
2 0.654296875 0.47331249999999997 0.09765625 0.17579166666666665
2 0.4921875 0.3112083333333333 0.09375 0.14583333333333334
2 0.562984375 0.3815208333333333 0.014656250000000001 0.057291666666666664
2 0.331546875 0.43424999999999997 0.026375 0.050791666666666666
2 0.10889062499999999 0.38085416666666666 0.03028125 0.06902083333333334
2 0.187015625 0.25716666666666665 0.09667187499999999 0.11587499999999999
3 0.450203125 0.581375 0.033203125 0.06120833333333333
3 0.605953125 0.4388125 0.022468750000000003 0.044270833333333336
3 0.782234375 0.4049583333333333 0.017578125 0.052083333333333336
3 0.852546875 0.41991666666666666 0.013671875 0.058604166666666666
3 0.449703125 0.259125 0.020515625000000003 0.057291666666666664
3 0.589359375 0.26366666666666666 0.020515625000000003 0.042958333333333334
3 0.565921875 0.2682291666666667 0.016609375000000003 0.049479166666666664
2 0.7421875 0.2643333333333333 0.0625 0.09375
2 0.85059375 0.290375 0.013671875 0.057291666666666664
3 0.7421875 0.39975 0.017578125 0.059895833333333336
2 0.701171875 0.39258333333333334 0.0625 0.12370833333333334
3 0.789546875 0.5325624999999999 0.012703125000000001 0.0546875