2 0.5488593749999999 0.8825625 0.185328125 0.22860416666666666
2 0.5997656250000001 0.40379166666666666 0.097453125 0.10225
2 0.6228281250000001 0.6171875 0.12684375 0.3189166666666667
2 0.362375 0.5432708333333333 0.16775 0.30993750000000003
3 0.504203125 0.49893750000000003 0.034187499999999996 0.11416666666666667
3 0.9211562499999999 0.5655416666666666 0.02459375 0.09591666666666666
3 0.9701562499999999 0.8035625 0.031156250000000003 0.0881875
2 0.63596875 0.2560208333333333 0.07307812500000001 0.11875
4 0.3828125 0.225 0.3765625 0.3729166666666667 0.4296875 0.3875 0.44375 0.42916666666666664 0.4484375 0.50625 0.4625 0.5333333333333333 0.471875 0.53125 0.4703125 0.51875 0.48125 0.49166666666666664 0.484375 0.4354166666666667 0.5015625 0.3854166666666667 0.5171875 0.3729166666666667 0.521875 0.35208333333333336 0.5265625 0.18541666666666667 0.46875 0.16458333333333333 0.428125 0.16458333333333333 0.403125 0.18958333333333333
0 0.703125 0.26458333333333334 0.703125 0.5354166666666667 0.70625 0.5604166666666667 0.7125 0.5666666666666667 0.7078125 0.6125 0.71875 0.6604166666666667 0.7296875 0.6645833333333333 0.740625 0.6041666666666666 0.76796875 0.5729166666666666 0.8109375 0.5791666666666667 0.8296875 0.5895833333333333 0.8390625 0.60625 0.859375 0.7 0.878125 0.6979166666666666 0.89375 0.58125 0.890625 0.55 0.9 0.5020833333333333 0.8953125 0.4583333333333333 0.9015625 0.41875 0.89375 0.34791666666666665 0.88125 0.30833333333333335 0.81875 0.18958333333333333 0.784375 0.17291666666666666 0.7171875 0.16458333333333333
3 0.0578125 0.39791666666666664 0.05625 0.5395833333333333 0.0625 0.5645833333333333 0.06875 0.5666666666666667 0.078125 0.5604166666666667 0.078125 0.5520833333333334 0.090625 0.55 0.1109375 0.51875 0.1140625 0.45625 0.10625 0.41875 0.096875 0.41875 0.08125 0.38958333333333334
3 0.2328125 0.34375 0.2296875 0.38125 0.2359375 0.3958333333333333 0.2421875 0.40208333333333335 0.2609375 0.3958333333333333 0.265625 0.3875 0.2625 0.34375 0.2390625 0.3375
3 0.15 0.30833333333333335 0.15 0.34375 0.1546875 0.35 0.175 0.34375 0.1765625 0.3145833333333333
3 0.05 0.33541666666666664 0.0484375 0.3875 0.0546875 0.39791666666666664 0.0859375 0.375 0.0875 0.3458333333333333 0.084375 0.3229166666666667 0.071875 0.34375
3 0.2921875 0.83125 0.3 0.8520833333333333 0.2953125 0.875 0.3 0.9166666666666666 0.2921875 0.9729166666666667 0.278125 0.98125 0.2765625 0.9916666666666667 0.284375 0.9979166666666667 0.3671875 0.9979166666666667 0.375 0.96875 0.3546875 0.90625 0.3484375 0.9020833333333333 0.3515625 0.8895833333333333 0.3234375 0.8625 0.309375 0.8625 0.2984375 0.8333333333333334
3 0.39375 0.6395833333333333 0.3953125 0.6770833333333334 0.3546875 0.7333333333333333 0.3671875 0.7791666666666667 0.365625 0.83125 0.3734375 0.85625 0.4 0.8458333333333333 0.434375 0.79375 0.434375 0.7416666666666667 0.4421875 0.7270833333333333 0.4203125 0.6375
2 0.7171875 0.7395833333333334 0.725 0.8041666666666667 0.7140625 0.8458333333333333 0.7234375 0.9395833333333333 0.7359375 0.9520833333333333 0.7734375 0.9583333333333334 0.8515625 0.9604166666666667 0.865625 0.9354166666666667 0.871875 0.8833333333333333 0.8578125 0.7104166666666667 0.8328125 0.5979166666666667 0.809375 0.5833333333333334 0.7578125 0.5791666666666667 0.7359375 0.6416666666666667 0.7296875 0.7145833333333333
2 0.6109375 0.325 0.609375 0.34791666666666665 0.6390625 0.36041666666666666 0.6546875 0.4270833333333333 0.6640625 0.43333333333333335 0.675 0.41041666666666665 0.675 0.3729166666666667 0.6828125 0.35208333333333336 0.671875 0.3333333333333333 0.66875 0.3 0.6328125 0.28958333333333336
4 0.4890625 0.15 0.4859375 0.16666666666666666 0.525 0.18125 0.5296875 0.21041666666666667 0.5234375 0.29583333333333334 0.528125 0.3104166666666667 0.54375 0.3145833333333333 0.5640625 0.20833333333333334 0.565625 0.13958333333333334 0.5453125 0.12083333333333333 0.509375 0.12291666666666666