4 0.6437968749999999 0.34831249999999997 0.14932812499999998 0.45939583333333334
4 0.36071875000000003 0.5226041666666666 0.301359375 0.61975
2 0.0424375 0.341 0.084875 0.15397916666666667
3 0.90003125 0.41579166666666667 0.01740625 0.0661875
3 0.8842812500000001 0.796875 0.043953124999999996 0.09375
3 0.79834375 0.6106874999999999 0.028328125 0.08072916666666667
3 0.75684375 0.5507916666666667 0.01953125 0.0703125
3 0.841796875 0.5664166666666667 0.01953125 0.08072916666666667
3 0.9653281249999999 0.5162708333333333 0.020515625000000003 0.058604166666666666
3 0.9418906249999999 0.5559999999999999 0.014656250000000001 0.059895833333333336
3 0.9497031249999999 0.7044374999999999 0.026375 0.08072916666666667
3 0.9731406249999999 0.9322916666666666 0.032234374999999996 0.08854166666666667
3 0.82325 0.3984375 0.01171875 0.057291666666666664
3 0.838875 0.35220833333333335 0.01171875 0.035166666666666666
3 0.750484375 0.35091666666666665 0.018562500000000003 0.050791666666666666
3 0.73290625 0.34960416666666666 0.01075 0.03777083333333333
2 0.8256875000000001 0.25195833333333334 0.07910937500000001 0.09766666666666667