2 0.296375 0.6191666666666666 0.16604687499999998 0.3484583333333333
2 0.8510624999999999 0.7500208333333334 0.15125 0.31914583333333335
2 0.80771875 0.48033333333333333 0.11187499999999999 0.21756250000000002
2 0.823328125 0.26116666666666666 0.05234375 0.12858333333333333
0 0.390625 0.22916666666666666 0.3765625 0.3229166666666667 0.384375 0.35208333333333336 0.3828125 0.46875 0.390625 0.5020833333333333 0.4078125 0.5229166666666667 0.5 0.5479166666666667 0.5265625 0.48333333333333334 0.54375 0.4 0.540625 0.3854166666666667 0.5578125 0.22708333333333333 0.553125 0.21875 0.55625 0.15833333333333333 0.534375 0.13541666666666666 0.4640625 0.13125 0.403125 0.2
4 0.546875 0.6166666666666667 0.5453125 0.7708333333333334 0.5546875 0.8270833333333333 0.6125 0.8729166666666667 0.68125 0.8854166666666666 0.703125 0.8479166666666667 0.7125 0.8166666666666667 0.7171875 0.7895833333333333 0.7140625 0.7520833333333333 0.7359375 0.6770833333333334 0.7328125 0.6416666666666667 0.74375 0.44375 0.728125 0.275 0.60625 0.24375 0.5671875 0.4354166666666667 0.55625 0.45208333333333334 0.5609375 0.4583333333333333 0.55625 0.48125 0.5625 0.49166666666666664 0.55625 0.5083333333333333 0.559375 0.5333333333333333 0.5546875 0.5354166666666667 0.553125 0.6020833333333333
3 0.121875 0.93125 0.121875 0.9979166666666667 0.2484375 0.9979166666666667 0.2609375 0.925 0.2515625 0.8770833333333333 0.2359375 0.8645833333333334 0.2109375 0.9354166666666667 0.190625 0.9375 0.1828125 0.90625 0.1546875 0.8791666666666667 0.1375 0.8875
3 0.93125 0.9 0.9296875 0.9979166666666667 0.9765625 0.9979166666666667 0.9890625 0.9229166666666667 0.9609375 0.8875 0.95625 0.86875
3 0.9625 0.7875 0.9625 0.8729166666666667 0.9921875 0.9166666666666666 0.9984375 0.9104166666666667 0.9984375 0.7708333333333334 0.9765625 0.7708333333333334
3 0.971875 0.575 0.9625 0.625 0.9671875 0.65 0.98125 0.6729166666666667 0.98125 0.70625 0.9953125 0.7083333333333334 0.9984375 0.5125 0.9875 0.5208333333333334
2 0.7421875 0.32708333333333334 0.7375 0.35833333333333334 0.7453125 0.42083333333333334 0.7609375 0.3625 0.803125 0.3645833333333333 0.8046875 0.35625 0.790625 0.32916666666666666
2 0.703125 0.22291666666666668 0.703125 0.25833333333333336 0.715625 0.26875 0.7359375 0.25833333333333336 0.7734375 0.26875 0.76875 0.21458333333333332 0.7578125 0.19375 0.7171875 0.18958333333333333
2 0.6140625 0.22708333333333333 0.615625 0.24375 0.6828125 0.2604166666666667 0.6875 0.21458333333333332 0.6828125 0.18958333333333333 0.6703125 0.175 0.64375 0.16666666666666666