2 0.63109375 0.7848958333333333 0.152796875 0.338375
2 0.038734375 0.2309375 0.07746875 0.11272916666666667
2 0.792765625 0.5558333333333334 0.10879687499999999 0.26668749999999997
2 0.4216875 0.6751041666666667 0.169484375 0.353625
4 0.651921875 0.2795625 0.10846875 0.33175000000000004
3 0.059515625 0.8573125 0.032265625 0.093625
3 0.894734375 0.5182083333333334 0.020203125 0.0656875
2 0.8555781250000001 0.8069166666666666 0.13346875 0.28502083333333333
3 0.181328125 0.7860625 0.040749999999999995 0.11322916666666667
2 0.61834375 0.4875625 0.109234375 0.22610416666666666
3 0.916828125 0.5908333333333334 0.016984375 0.06133333333333334
2 0.453125 0.44856250000000003 0.11328125 0.18360416666666665
4 0.45946875 0.2981875 0.11815625 0.203125
3 0.541015625 0.4518333333333333 0.01953125 0.07291666666666667
3 0.8881875000000001 0.653 0.026375 0.07162500000000001
3 0.58740625 0.29491666666666666 0.012703125000000001 0.050791666666666666
2 0.78028125 0.36914583333333334 0.068359375 0.13933333333333334
4 0.770515625 0.2708333333333333 0.09375 0.19010416666666666