2 0.6560937499999999 0.6739999999999999 0.12181249999999999 0.3388333333333333
2 0.136328125 0.42114583333333333 0.1578125 0.18227083333333333
2 0.268640625 0.7373333333333334 0.200625 0.41781250000000003
4 0.8055468749999999 0.423375 0.110375 0.31627083333333333
2 0.370359375 0.4600416666666666 0.152484375 0.2547291666666667
3 0.7196875 0.48314583333333333 0.027765625 0.07902083333333333
2 0.8374375000000001 0.7118749999999999 0.125296875 0.28354166666666664
2 0.621796875 0.31472916666666667 0.0835625 0.13297916666666668
4 0.396875 0.24583333333333332 0.4 0.29583333333333334 0.390625 0.31666666666666665 0.390625 0.3375 0.4375 0.35625 0.44375 0.48541666666666666 0.4671875 0.5 0.478125 0.4625 0.4921875 0.44583333333333336 0.4921875 0.41041666666666665 0.5109375 0.3541666666666667 0.5140625 0.21666666666666667 0.5046875 0.20833333333333334 0.434375 0.19375
2 0.559375 0.45208333333333334 0.5671875 0.4895833333333333 0.5578125 0.56875 0.571875 0.5854166666666667 0.6015625 0.5895833333333333 0.6265625 0.5020833333333333 0.6609375 0.49583333333333335 0.6640625 0.48125 0.6734375 0.475 0.665625 0.4583333333333333 0.665625 0.41041666666666665 0.6578125 0.36875 0.6265625 0.35833333333333334 0.5984375 0.36041666666666666 0.58125 0.39375 0.5765625 0.4270833333333333
2 0.5140625 0.2791666666666667 0.5046875 0.3854166666666667 0.5578125 0.4 0.5796875 0.325 0.5703125 0.24375 0.525 0.23333333333333334
2 0.659375 0.17708333333333334 0.6484375 0.21041666666666667 0.6484375 0.2375 0.671875 0.29791666666666666 0.678125 0.3 0.6953125 0.2833333333333333 0.6984375 0.2916666666666667 0.7015625 0.22291666666666668 0.6953125 0.18333333333333332 0.684375 0.175
2 0.634375 0.16041666666666668 0.634375 0.22083333333333333 0.65 0.20625 0.6578125 0.18125 0.684375 0.17083333333333334 0.678125 0.15208333333333332 0.665625 0.14791666666666667 0.640625 0.15
2 0.7078125 0.28541666666666665 0.7078125 0.3020833333333333 0.7015625 0.3104166666666667 0.7046875 0.3854166666666667 0.709375 0.39375 0.7203125 0.3854166666666667 0.740625 0.39166666666666666 0.7546875 0.35208333333333336 0.7453125 0.30416666666666664 0.7640625 0.26875 0.7265625 0.25833333333333336
3 0.9109375 0.34375 0.9140625 0.45 0.9328125 0.4625 0.9421875 0.44166666666666665 0.9390625 0.3729166666666667 0.925 0.3333333333333333
3 0.921875 0.8041666666666667 0.9171875 0.8958333333333334 0.9375 0.9375 0.9609375 0.8645833333333334 0.9671875 0.7958333333333333 0.9609375 0.78125 0.95 0.7770833333333333 0.928125 0.7854166666666667
0 0.15625 0.041666666666666664 0.146875 0.06666666666666667 0.1328125 0.07708333333333334 0.1328125 0.19166666666666668 0.1390625 0.24166666666666667 0.1546875 0.24166666666666667 0.1640625 0.2125 0.2046875 0.24583333333333332 0.21875 0.23541666666666666 0.2375 0.19375 0.25625 0.18125 0.2828125 0.18125 0.2859375 0.15416666666666667 0.271875 0.12916666666666668 0.271875 0.11041666666666666 0.2796875 0.10208333333333333 0.253125 0.09791666666666667 0.2578125 0.08125 0.25 0.05 0.23125 0.0375 0.178125 0.029166666666666667
0 0.0078125 0.03958333333333333 0 0.04583333333333333 0 0.22916666666666666 0.0546875 0.2708333333333333 0.0640625 0.21041666666666667 0.0796875 0.20625 0.090625 0.225 0.1015625 0.21666666666666667 0.0734375 0.06458333333333334 0.046875 0.04791666666666667 0.0203125 0.04791666666666667
3 0.084375 0.28958333333333336 0.078125 0.31666666666666665 0.0796875 0.3333333333333333 0.0875 0.3416666666666667 0.1171875 0.31666666666666665 0.11875 0.29583333333333334 0.1125 0.2708333333333333 0.103125 0.28541666666666665
3 0.015625 0.31666666666666665 0 0.31666666666666665 0 0.34375 0.0140625 0.35 0.0109375 0.38333333333333336 0.021875 0.3875 0.053125 0.3625 0.053125 0.3375
3 0.1546875 0.24791666666666667 0.15625 0.29791666666666666 0.1515625 0.3104166666666667 0.1890625 0.31875 0.1953125 0.28125 0.1921875 0.24166666666666667 0.1671875 0.21458333333333332
3 0.403125 0.15833333333333333 0.4015625 0.18125 0.4140625 0.21041666666666667 0.4265625 0.19375 0.43125 0.14583333333333334 0.415625 0.13125