2 0.297015625 0.6375416666666667 0.179546875 0.36631250000000004
4 0.6312656249999999 0.508875 0.155953125 0.49131250000000004
3 0.72603125 0.6456666666666667 0.0295 0.11535416666666666
2 0.027296874999999998 0.31310416666666663 0.054578125 0.15829166666666666
4 0.40670312500000005 0.3695833333333333 0.19475 0.3232291666666667
3 0.859546875 0.4428125 0.017984375 0.07770833333333332
3 0.94646875 0.5413958333333333 0.026640625 0.06883333333333333
0 0.754296875 0.20500000000000002 0.087953125 0.20214583333333333
4 0.8481406249999999 0.7011666666666667 0.14551562499999998 0.4127708333333333
2 0.766609375 0.4648541666666667 0.076171875 0.17708333333333334
3 0.817390625 0.43164583333333334 0.017578125 0.058604166666666666
3 0.81153125 0.34960416666666666 0.01171875 0.050791666666666666
3 0.883796875 0.38085416666666666 0.015625 0.0481875
3 0.915046875 0.446625 0.02734375 0.06770833333333333
3 0.499515625 0.5306041666666667 0.024421875000000003 0.06902083333333334
3 0.71484375 0.9589791666666667 0.02734375 0.08204166666666667