4 0.41017187499999996 0.39741666666666664 0.17575000000000002 0.4096458333333333
2 0.797890625 0.47431249999999997 0.10303124999999999 0.2630416666666667
2 0.668546875 0.345625 0.07409375 0.175
2 0.577125 0.4534375 0.10110937499999999 0.21825
2 0.211515625 0.8005416666666666 0.19971875 0.37081250000000004
3 0.846484375 0.3406666666666667 0.02165625 0.07133333333333333
3 0.859421875 0.4309791666666667 0.0145625 0.057958333333333334
3 0.5075624999999999 0.28941666666666666 0.026187500000000002 0.07520833333333334
3 0.885140625 0.5225833333333333 0.023359374999999998 0.08895833333333333
3 0.7978125 0.3045625 0.018453125 0.04670833333333334
2 0.5578125 0.6625 0.55625 0.6791666666666667 0.5609375 0.6833333333333333 0.6953125 0.7 0.7125 0.7083333333333334 0.721875 0.7416666666666667 0.7296875 0.7270833333333333 0.7328125 0.65 0.7171875 0.5729166666666666 0.6796875 0.5541666666666667 0.6328125 0.5479166666666667 0.5875 0.5979166666666667
2 0.709375 0.26458333333333334 0.7046875 0.2833333333333333 0.7234375 0.3416666666666667 0.75625 0.34375 0.7828125 0.32916666666666666 0.7828125 0.29583333333333334 0.765625 0.23541666666666666 0.725 0.22916666666666666
4 0.7 0.175 0.70625 0.2625 0.7125 0.2604166666666667 0.7203125 0.2375 0.746875 0.225 0.765625 0.23333333333333334 0.76875 0.16458333333333333 0.75625 0.1375 0.721875 0.13125 0.7078125 0.14791666666666667
3 0.3828125 0.60625 0.384375 0.6541666666666667 0.371875 0.6895833333333333 0.3828125 0.7541666666666667 0.3890625 0.7541666666666667 0.3984375 0.7354166666666667 0.425 0.7145833333333333 0.425 0.6979166666666666 0.415625 0.6854166666666667 0.4140625 0.6479166666666667 0.4265625 0.6166666666666667 0.4078125 0.5979166666666667
4 0.5078125 0.13333333333333333 0.5 0.14583333333333334 0.503125 0.16666666666666666 0.5328125 0.16666666666666666 0.5453125 0.18541666666666667 0.55 0.22291666666666668 0.5578125 0.20625 0.5625 0.14583333333333334 0.5421875 0.11458333333333333 0.5234375 0.13125
2 0.496875 0.17708333333333334 0.4890625 0.19166666666666668 0.5234375 0.19791666666666666 0.5359375 0.26666666666666666 0.546875 0.24583333333333332 0.5484375 0.22708333333333333 0.540625 0.17291666666666666 0.5125 0.16458333333333333
2 0.60625 0.25416666666666665 0.603125 0.3145833333333333 0.615625 0.33125 0.6328125 0.31666666666666665 0.6453125 0.26458333333333334 0.6671875 0.25833333333333336 0.6625 0.225 0.6390625 0.21875 0.6234375 0.22291666666666668
2 0.61875 0.20208333333333334 0.615625 0.23333333333333334 0.621875 0.22083333333333333 0.640625 0.21458333333333332 0.6640625 0.22083333333333333 0.665625 0.175 0.634375 0.16458333333333333