2 0.279609375 0.6930833333333334 0.17353125 0.36625
2 0.593859375 0.6768125 0.12309375 0.281125
2 0.8018124999999999 0.48262499999999997 0.090203125 0.18454166666666666
2 0.5201875 0.21004166666666665 0.070734375 0.1389375
2 0.6283125 0.4622083333333334 0.095625 0.16704166666666667
2 0.8098750000000001 0.7431875 0.12228125000000001 0.35183333333333333
3 0.45915625000000004 0.41925 0.024078125 0.08697916666666666
2 0.746859375 0.4017291666666667 0.07132812499999999 0.16927083333333334
3 0.93215625 0.6058749999999999 0.0299375 0.08891666666666667
2 0.36740625 0.46637500000000004 0.12390625 0.228875
2 0.118140625 0.8931041666666667 0.21767187500000001 0.20252083333333332
2 0.44526562500000005 0.3409583333333333 0.098484375 0.14304166666666665
2 0.62128125 0.3437291666666667 0.07928125 0.10570833333333333
3 0.42871875 0.6419374999999999 0.03125 0.078125
3 0.3881875 0.7675833333333333 0.041999999999999996 0.11068750000000001
3 0.49609375 0.6393333333333333 0.025390625 0.078125
3 0.52196875 0.5013124999999999 0.03028125 0.0859375
3 0.512703125 0.4114583333333333 0.01953125 0.059895833333333336
3 0.54296875 0.37304166666666666 0.0234375 0.06641666666666667
4 0.636234375 0.2044375 0.10253125 0.1875
3 0.744140625 0.2435 0.01953125 0.0546875
3 0.767578125 0.2799583333333333 0.015625 0.044270833333333336
3 0.790046875 0.32487499999999997 0.015625 0.040375
3 0.814453125 0.2916666666666667 0.02734375 0.046875
3 0.8891562499999999 0.415375 0.028328125 0.049479166666666664
3 0.94434375 0.4713541666666667 0.025390625 0.046875
3 0.9301718749999999 0.7545625 0.03028125 0.08464583333333334
3 0.39453125 0.94075 0.025390625 0.09245833333333334
3 0.498046875 0.9121041666666667 0.060546875 0.17579166666666665
3 0.6899375 0.7610625 0.022468750000000003 0.10027083333333334
2 0.4819375 0.2669375 0.06543750000000001 0.11458333333333333
3 0.9545937500000001 0.9401041666666666 0.022468750000000003 0.07552083333333333
3 0.89746875 0.6464791666666667 0.025390625 0.07422916666666667
3 0.9702187500000001 0.7291666666666666 0.038093749999999996 0.078125
3 0.8828125 0.5703125 0.01953125 0.057291666666666664
3 0.9262656249999999 0.5019583333333333 0.016609375000000003 0.042979166666666666
3 0.857421875 0.49543750000000003 0.015625 0.058583333333333334
3 0.8466875 0.3984375 0.025390625 0.052083333333333336