3 0.669171875 0.4329791666666667 0.021421875 0.07739583333333333
2 0.758953125 0.7969791666666667 0.11642187500000001 0.39468749999999997
2 0.595 0.4862083333333333 0.10698437499999999 0.28639583333333335
3 0.8062968749999999 0.4082708333333333 0.024828125 0.07275000000000001
3 0.953921875 0.7010625 0.031906250000000004 0.10966666666666666
3 0.47679687499999995 0.6354166666666666 0.036 0.1303125
3 0.83925 0.6762291666666667 0.03578125 0.09787499999999999
3 0.502859375 0.3948541666666667 0.026875 0.10931249999999999
2 0.747234375 0.36135416666666664 0.081578125 0.20210416666666667
3 0.829890625 0.45625 0.020453125 0.0559375
3 0.89746875 0.6344583333333333 0.027546875 0.10881249999999999
2 0.30860937499999996 0.6654791666666667 0.18101562499999999 0.30047916666666663
4 0.51171875 0.19270833333333334 0.107421875 0.19010416666666666
3 0.6430625 0.2454375 0.059578125 0.11589583333333334
3 0.422359375 0.550125 0.03028125 0.09245833333333334
3 0.38965625 0.4518333333333333 0.02734375 0.07552083333333333
3 0.4868125 0.5013124999999999 0.024421875000000003 0.041666666666666664
3 0.28515625 0.9804791666666667 0.060546875 0.0390625
3 0.403328125 0.793625 0.02734375 0.12891666666666668
3 0.793453125 0.5683541666666667 0.022468750000000003 0.0638125
3 0.868171875 0.45637500000000003 0.013671875 0.06120833333333333
3 0.903328125 0.40039583333333334 0.01171875 0.056
3 0.8950156249999999 0.8229166666666666 0.043953124999999996 0.10677083333333333
3 0.8203125 0.35481250000000003 0.015625 0.042979166666666666
3 0.551765625 0.3046875 0.017578125 0.0546875