2 0.75028125 0.34904166666666664 0.065328125 0.159375
2 0.6209374999999999 0.6786458333333333 0.136859375 0.3388541666666667
2 0.417671875 0.4691666666666666 0.12775 0.24014583333333334
2 0.287953125 0.7210833333333333 0.211484375 0.43052083333333335
2 0.784828125 0.5278333333333334 0.115390625 0.18241666666666667
2 0.628625 0.45066666666666666 0.102546875 0.13160416666666666
3 0.49190625 0.6202916666666667 0.03375 0.1345
3 0.8581093750000001 0.5549166666666667 0.022265625 0.10120833333333333
3 0.02425 0.9633958333333333 0.047953125 0.07320833333333333
0 0.07771875 0.194625 0.154296875 0.2548958333333333
3 0.5394062500000001 0.4704375 0.031953125 0.09958333333333333
3 0.840625 0.3875 0.84375 0.39791666666666664 0.8453125 0.4166666666666667 0.840625 0.41041666666666665 0.840625 0.4041666666666667 0.8359375 0.39375 0.8359375 0.38958333333333334 0.8390625 0.3875
3 0.85 0.5208333333333334 0.8515625 0.5229166666666667 0.853125 0.5208333333333334 0.8609375 0.5229166666666667 0.865625 0.5208333333333334 0.86875 0.53125 0.86875 0.5541666666666667 0.865625 0.5625 0.865625 0.5791666666666667 0.86875 0.5895833333333333 0.865625 0.6083333333333333 0.8578125 0.6083333333333333 0.8484375 0.6020833333333333 0.8453125 0.59375 0.846875 0.5916666666666667 0.8453125 0.5875 0.846875 0.5854166666666667 0.846875 0.575 0.8453125 0.5729166666666666 0.846875 0.5666666666666667 0.84375 0.5625 0.840625 0.5208333333333334 0.8421875 0.51875 0.8484375 0.5208333333333334
3 0.5390625 0.425 0.546875 0.43125 0.5578125 0.43333333333333335 0.559375 0.44375 0.5578125 0.44583333333333336 0.5578125 0.4625 0.553125 0.48333333333333334 0.5515625 0.5020833333333333 0.5453125 0.5208333333333334 0.5328125 0.5333333333333333 0.53125 0.53125 0.53125 0.5208333333333334 0.5265625 0.5145833333333333 0.528125 0.5104166666666666 0.528125 0.5 0.5265625 0.4979166666666667 0.528125 0.42916666666666664 0.534375 0.42291666666666666 0.5375 0.425
3 0.8796875 0.6354166666666666 0.884375 0.6354166666666666 0.89375 0.6479166666666667 0.90625 0.6520833333333333 0.9109375 0.6583333333333333 0.9109375 0.6979166666666666 0.90625 0.7125 0.9046875 0.7125 0.9015625 0.7083333333333334 0.8984375 0.6958333333333333 0.8890625 0.6833333333333333 0.8859375 0.6541666666666667 0.8828125 0.65 0.8796875 0.6375
3 0.9140625 0.34375 0.921875 0.38333333333333336 0.91875 0.41041666666666665 0.915625 0.4166666666666667 0.909375 0.4166666666666667 0.90625 0.40625 0.9015625 0.4 0.903125 0.3958333333333333 0.9015625 0.39375 0.903125 0.38333333333333336 0.9015625 0.3729166666666667 0.9046875 0.3645833333333333 0.90625 0.35 0.9078125 0.3458333333333333 0.9125 0.34375
3 0.80390625 0.259375 0.0171875 0.04791666666666667
3 0.9765625 0.8604166666666667 0.9796875 0.8625 0.98125 0.8729166666666667 0.984375 0.8770833333333333 0.9984375 0.8791666666666667 0.9984375 0.9958333333333333 0.9953125 0.9979166666666667 0.9640625 0.9979166666666667 0.9625 0.9354166666666667 0.9640625 0.9270833333333334 0.9703125 0.9145833333333333 0.96875 0.8770833333333333 0.9734375 0.8625 0.975 0.8625
3 0.4203125 0.05625 0.4234375 0.05416666666666667 0.428125 0.05625 0.43125 0.06041666666666667 0.4328125 0.06875 0.4296875 0.08958333333333333 0.428125 0.09166666666666666 0.4203125 0.09166666666666666 0.41875 0.08958333333333333 0.4203125 0.08125 0.41875 0.06041666666666667 0.4203125 0.058333333333333334
3 0.3 0.4708333333333333 0.3015625 0.47291666666666665 0.3125 0.4708333333333333 0.325 0.47708333333333336 0.33125 0.475 0.3375 0.4895833333333333 0.340625 0.49166666666666664 0.3484375 0.4895833333333333 0.3515625 0.49583333333333335 0.3484375 0.5208333333333334 0.328125 0.5208333333333334 0.315625 0.5145833333333333 0.2984375 0.5125 0.2953125 0.5083333333333333 0.296875 0.4875 0.29375 0.48333333333333334 0.29375 0.475 0.2984375 0.4708333333333333
3 0.2625 0.89375 0.271875 0.8979166666666667 0.28125 0.9083333333333333 0.2859375 0.9166666666666666 0.2859375 0.9208333333333333 0.3 0.9395833333333333 0.3078125 0.94375 0.3140625 0.9520833333333333 0.31875 0.9645833333333333 0.33125 0.9770833333333333 0.3609375 0.9791666666666666 0.365625 0.9729166666666667 0.365625 0.9229166666666667 0.3578125 0.90625 0.365625 0.90625 0.3703125 0.9125 0.378125 0.9395833333333333 0.3765625 0.9791666666666666 0.3828125 0.9916666666666667 0.3828125 0.9979166666666667 0.3375 0.9979166666666667 0.33125 0.99375 0.3265625 0.9979166666666667 0.278125 0.9979166666666667 0.2703125 0.99375 0.26875 0.9916666666666667 0.2703125 0.9895833333333334 0.26875 0.96875 0.2671875 0.9625 0.2546875 0.9416666666666667 0.25 0.9125 0.25 0.9 0.25625 0.89375 0.2609375 0.89375
3 0.1703125 0.16041666666666668 0.175 0.16875 0.1765625 0.17708333333333334 0.1765625 0.19166666666666668 0.1796875 0.20416666666666666 0.178125 0.22708333333333333 0.1609375 0.23958333333333334 0.15625 0.23333333333333334 0.15625 0.2125 0.159375 0.19166666666666668 0.1625 0.175 0.1671875 0.1625 0.16875 0.1625
3 0 0.9208333333333333 0.015625 0.9229166666666667 0.03125 0.9354166666666667 0.0578125 0.9375 0.0609375 0.9333333333333333 0.0640625 0.9333333333333333 0.06875 0.9458333333333333 0.0671875 0.9520833333333333 0.0671875 0.9916666666666667 0.0640625 0.9979166666666667 0.04375 0.9979166666666667 0.0359375 0.9875 0.0328125 0.9875 0.025 0.9979166666666667 0.0046875 0.9979166666666667 0 0.99375 0 0.9229166666666667
3 0.6234375 0.21875 0.6265625 0.2375 0.625 0.23958333333333334 0.625 0.2708333333333333 0.621875 0.2791666666666667 0.6125 0.2875 0.6046875 0.27708333333333335 0.6046875 0.25625 0.603125 0.2520833333333333 0.6046875 0.25 0.60625 0.22708333333333333 0.6171875 0.21875 0.621875 0.21875
3 0.9390625 0.6666666666666666 0.9375 0.675 0.934375 0.6729166666666667 0.9296875 0.6770833333333334 0.9265625 0.6875 0.9296875 0.69375 0.934375 0.69375 0.94375 0.6833333333333333 0.9625 0.6854166666666667 0.9703125 0.6833333333333333 0.9796875 0.675 0.9828125 0.6791666666666667 0.9703125 0.69375 0.971875 0.7041666666666667 0.9703125 0.7104166666666667 0.9703125 0.7375 0.965625 0.7479166666666667 0.965625 0.76875 0.9640625 0.7708333333333334 0.965625 0.80625 0.95625 0.8083333333333333 0.9515625 0.8145833333333333 0.95 0.8208333333333333 0.9546875 0.84375 0.953125 0.8916666666666667 0.9515625 0.89375 0.9453125 0.8916666666666667 0.9421875 0.8958333333333334 0.940625 0.9145833333333333 0.9328125 0.93125 0.9234375 0.93125 0.9203125 0.9229166666666667 0.9203125 0.8916666666666667 0.921875 0.8875 0.9203125 0.8854166666666666 0.9203125 0.8645833333333334 0.915625 0.84375 0.9171875 0.8416666666666667 0.9171875 0.8229166666666666 0.9203125 0.81875 0.9203125 0.8145833333333333 0.91875 0.8125 0.91875 0.7958333333333333 0.9109375 0.7854166666666667 0.9140625 0.7791666666666667 0.9140625 0.7645833333333333 0.9109375 0.7583333333333333 0.9109375 0.74375 0.909375 0.7416666666666667 0.9109375 0.7395833333333334 0.9109375 0.7208333333333333 0.9140625 0.7166666666666667 0.9171875 0.7166666666666667 0.925 0.7041666666666667 0.9265625 0.6979166666666666 0.925 0.6854166666666667 0.928125 0.6833333333333333 0.928125 0.6729166666666667 0.9328125 0.6666666666666666 0.9375 0.6666666666666666
3 0.5796875 0.29375 0.5828125 0.29583333333333334 0.5828125 0.32916666666666666 0.58125 0.33125 0.5796875 0.35208333333333336 0.5734375 0.36666666666666664 0.5703125 0.3645833333333333 0.5671875 0.3541666666666667 0.5671875 0.3125 0.565625 0.30625 0.5671875 0.29791666666666666 0.5703125 0.29375 0.578125 0.29375
3 0.3125 0.4708333333333333 0.33125 0.4791666666666667 0.3328125 0.49583333333333335 0.33125 0.4979166666666667 0.33125 0.5166666666666667 0.3296875 0.51875 0.296875 0.5104166666666666 0.296875 0.4875 0.29375 0.48125 0.29375 0.475 0.296875 0.4708333333333333 0.3109375 0.4708333333333333
3 0.8359375 0.20833333333333334 0.8375 0.21041666666666667 0.8375 0.22083333333333333 0.8359375 0.22291666666666668 0.8359375 0.25833333333333336 0.834375 0.2604166666666667 0.828125 0.25416666666666665 0.825 0.24583333333333332 0.825 0.21458333333333332 0.834375 0.20833333333333334