2 0.348984375 0.47429166666666667 0.11373437500000001 0.20131249999999998
2 0.7835156249999999 0.5129791666666667 0.0886875 0.22427083333333334
4 0.641640625 0.5207291666666667 0.148015625 0.492875
2 0.262265625 0.6817708333333333 0.19771875 0.33339583333333334
2 0.842734375 0.6805 0.1200625 0.28052083333333333
3 0.45151562500000003 0.656625 0.046453125 0.12864583333333332
3 0.87103125 0.4495416666666667 0.025625 0.08258333333333333
3 0.9643437499999999 0.57375 0.045875 0.11570833333333333
3 0.9028437500000001 0.5303333333333333 0.020453125 0.07847916666666667
3 0.49642187499999996 0.5399791666666667 0.035578125 0.11129166666666666
3 0.921 0.6874583333333334 0.042328125 0.11591666666666667
0 0.454109375 0.30143749999999997 0.15234375 0.3528541666666667
3 0.396484375 0.7806041666666667 0.02734375 0.1263125
3 0.9350625000000001 0.8834583333333333 0.028328125 0.134125
3 0.92578125 0.45508333333333334 0.017578125 0.07162500000000001
3 0.8168906249999999 0.33397916666666666 0.020515625000000003 0.050791666666666666
2 0.76415625 0.35872916666666665 0.07520312500000001 0.10547916666666667
3 0.869140625 0.359375 0.021484375 0.020833333333333332
3 0.8500937499999999 0.27799999999999997 0.008796875 0.03777083333333333