2 0.23871875 0.7882708333333334 0.18717187500000002 0.39016666666666666
3 0.75046875 0.6064375 0.024671875 0.0865625
2 0.5257031249999999 0.931125 0.21381250000000002 0.12939583333333332
3 0.8299687499999999 0.7017291666666666 0.037890625 0.12466666666666668
3 0.769828125 0.43785416666666666 0.020046875 0.08622916666666666
3 0.7655000000000001 0.5258333333333334 0.01328125 0.05945833333333333
4 0.624421875 0.40504166666666663 0.151875 0.30691666666666667
2 0.3734375 0.35208333333333336 0.371875 0.43125 0.3765625 0.45208333333333334 0.4421875 0.4791666666666667 0.453125 0.47708333333333336 0.478125 0.4083333333333333 0.4796875 0.325 0.471875 0.29583333333333334 0.4515625 0.28541666666666665 0.421875 0.28541666666666665 0.40625 0.3 0.3875 0.3458333333333333
3 0.8328125 0.45208333333333334 0.840625 0.4583333333333333 0.840625 0.47708333333333336 0.8375 0.49375 0.8375 0.5270833333333333 0.828125 0.5541666666666667 0.825 0.5520833333333334 0.825 0.5291666666666667 0.821875 0.5166666666666667 0.8234375 0.5020833333333333 0.8203125 0.48541666666666666 0.8203125 0.4625 0.8234375 0.45416666666666666 0.83125 0.45208333333333334
3 0.8546875 0.32083333333333336 0.8640625 0.32083333333333336 0.871875 0.325 0.875 0.3416666666666667 0.875 0.3958333333333333 0.871875 0.4041666666666667 0.8640625 0.4041666666666667 0.85625 0.39375 0.8578125 0.39166666666666666 0.85625 0.38125 0.85625 0.37083333333333335 0.8578125 0.36875 0.853125 0.3541666666666667 0.8546875 0.35208333333333336 0.853125 0.35 0.853125 0.32708333333333334 0.8546875 0.3229166666666667
3 0.803125 0.36666666666666664 0.8078125 0.3729166666666667 0.809375 0.4083333333333333 0.8078125 0.41041666666666665 0.8078125 0.4270833333333333 0.8 0.4395833333333333 0.8 0.45208333333333334 0.7984375 0.45416666666666666 0.7921875 0.45416666666666666 0.7890625 0.45 0.7890625 0.37916666666666665 0.790625 0.37083333333333335 0.79375 0.36666666666666664 0.8015625 0.36666666666666664
3 0.7890625 0.2375 0.790625 0.24166666666666667 0.790625 0.27291666666666664 0.7875 0.2875 0.7828125 0.2833333333333333 0.778125 0.2604166666666667 0.778125 0.24166666666666667 0.7796875 0.2375 0.78125 0.23541666666666666 0.7875 0.2375
3 0.7625 0.4041666666666667 0.771875 0.40625 0.7796875 0.41458333333333336 0.7796875 0.425 0.78125 0.4270833333333333 0.7796875 0.4375 0.7828125 0.4479166666666667 0.7828125 0.4583333333333333 0.778125 0.4666666666666667 0.775 0.4666666666666667 0.771875 0.46041666666666664 0.76875 0.46041666666666664 0.76875 0.45625 0.7640625 0.45 0.7578125 0.44583333333333336 0.7578125 0.42916666666666664 0.7609375 0.42083333333333334 0.759375 0.41458333333333336 0.7625 0.40625
3 0.803125 0.5 0.8125 0.5041666666666667 0.8203125 0.5145833333333333 0.8234375 0.5270833333333333 0.8203125 0.5541666666666667 0.80625 0.5979166666666667 0.8046875 0.6125 0.7984375 0.6145833333333334 0.7921875 0.6083333333333333 0.790625 0.58125 0.7890625 0.5791666666666667 0.7890625 0.5208333333333334 0.7921875 0.5104166666666666 0.796875 0.5041666666666667 0.8015625 0.5020833333333333
3 0.8921875 0.5125 0.8984375 0.5166666666666667 0.896875 0.5270833333333333 0.896875 0.5708333333333333 0.8921875 0.58125 0.8890625 0.6125 0.8828125 0.6270833333333333 0.878125 0.625 0.871875 0.6145833333333334 0.871875 0.6041666666666666 0.86875 0.5979166666666667 0.8703125 0.5916666666666667 0.8640625 0.5708333333333333 0.8640625 0.5291666666666667 0.8703125 0.51875 0.8796875 0.5125 0.890625 0.5125
3 0.896875 0.375 0.9 0.3854166666666667 0.8984375 0.39166666666666666 0.9 0.42291666666666666 0.8953125 0.4375 0.8921875 0.4375 0.8890625 0.42916666666666664 0.8875 0.4083333333333333 0.884375 0.4041666666666667 0.8765625 0.4041666666666667 0.878125 0.37916666666666665 0.88125 0.375 0.8953125 0.375
3 0.9421875 0.8416666666666667 0.9546875 0.8541666666666666 0.9625 0.8583333333333333 0.9625 0.8625 0.965625 0.8645833333333334 0.9671875 0.8708333333333333 0.9765625 0.8770833333333333 0.9796875 0.875 0.9859375 0.8770833333333333 0.9859375 0.8833333333333333 0.98125 0.8895833333333333 0.9796875 0.8958333333333334 0.98125 0.91875 0.9828125 0.9208333333333333 0.98125 0.9479166666666666 0.9734375 0.9583333333333334 0.9734375 0.9791666666666666 0.9703125 0.98125 0.965625 0.98125 0.9609375 0.9729166666666667 0.95625 0.9479166666666666 0.9546875 0.9270833333333334 0.94375 0.9020833333333333 0.94375 0.8916666666666667 0.946875 0.88125 0.946875 0.8666666666666667 0.9453125 0.8604166666666667 0.9359375 0.8520833333333333 0.9359375 0.8458333333333333 0.940625 0.8416666666666667
3 0.8046875 0.26666666666666666 0.8109375 0.27708333333333335 0.8109375 0.2875 0.8125 0.28958333333333336 0.8125 0.3104166666666667 0.8109375 0.3125 0.79375 0.3125 0.7859375 0.29375 0.7859375 0.28541666666666665 0.7921875 0.26666666666666666 0.7953125 0.2625 0.8 0.2625 0.803125 0.26666666666666666
3 0.3453125 0.4895833333333333 0.346875 0.49166666666666664 0.35625 0.49166666666666664 0.36875 0.4979166666666667 0.36875 0.5666666666666667 0.365625 0.5854166666666667 0.3625 0.5895833333333333 0.359375 0.6020833333333333 0.340625 0.625 0.334375 0.6291666666666667 0.3328125 0.6291666666666667 0.33125 0.6229166666666667 0.33125 0.6083333333333333 0.3328125 0.60625 0.33125 0.5916666666666667 0.334375 0.5770833333333333 0.334375 0.5416666666666666 0.3328125 0.5395833333333333 0.33125 0.5 0.3359375 0.49166666666666664 0.34375 0.4895833333333333
3 0.1640625 0.13958333333333334 0.16875 0.14375 0.16875 0.14791666666666667 0.1734375 0.15625 0.175 0.1625 0.1734375 0.17708333333333334 0.1671875 0.17916666666666667 0.1640625 0.17291666666666666 0.15625 0.18125 0.1484375 0.18125 0.1453125 0.16875 0.1453125 0.15416666666666667 0.153125 0.1375 0.1609375 0.1375 0.1625 0.13958333333333334
3 0.73125 0.7541666666666667 0.740625 0.7604166666666666 0.7578125 0.7666666666666667 0.765625 0.7791666666666667 0.7640625 0.78125 0.765625 0.7875 0.765625 0.8208333333333333 0.7625 0.8333333333333334 0.7546875 0.85 0.753125 0.8645833333333334 0.7453125 0.875 0.7453125 0.8854166666666666 0.7421875 0.8979166666666667 0.7421875 0.9354166666666667 0.7375 0.9479166666666666 0.734375 0.95 0.7234375 0.9479166666666666 0.7125 0.9416666666666667 0.715625 0.9375 0.7140625 0.9354166666666667 0.715625 0.9229166666666667 0.7125 0.9208333333333333 0.715625 0.91875 0.715625 0.9145833333333333 0.6984375 0.9 0.7 0.8979166666666667 0.6984375 0.89375 0.7 0.8875 0.696875 0.8791666666666667 0.7015625 0.875 0.7015625 0.86875 0.696875 0.8625 0.696875 0.8395833333333333 0.7109375 0.8125 0.7125 0.80625 0.7109375 0.8041666666666667 0.7109375 0.7895833333333333 0.7203125 0.7666666666666667 0.7203125 0.7625 0.725 0.75625 0.7296875 0.7541666666666667
3 0.746875 0.5604166666666667 0.759375 0.5645833333333333 0.7640625 0.5729166666666666 0.7671875 0.5854166666666667 0.7671875 0.6104166666666667 0.7640625 0.6229166666666667 0.7640625 0.6479166666666667 0.7625 0.65 0.765625 0.68125 0.7609375 0.68125 0.7578125 0.6770833333333334 0.75625 0.68125 0.7390625 0.68125 0.734375 0.6854166666666667 0.7265625 0.6854166666666667 0.721875 0.675 0.721875 0.65 0.7234375 0.6479166666666667 0.728125 0.5875 0.7296875 0.5854166666666667 0.728125 0.56875 0.734375 0.5604166666666667 0.7453125 0.5604166666666667
3 0.8234375 0.65 0.8359375 0.6520833333333333 0.8359375 0.6604166666666667 0.8421875 0.6645833333333333 0.84375 0.69375 0.8453125 0.6958333333333333 0.84375 0.7229166666666667 0.8359375 0.7375 0.825 0.7958333333333333 0.8203125 0.8020833333333334 0.8140625 0.8020833333333334 0.803125 0.7895833333333333 0.803125 0.76875 0.80625 0.7520833333333333 0.803125 0.74375 0.803125 0.725 0.8 0.7208333333333333 0.803125 0.7166666666666667 0.8015625 0.7125 0.803125 0.7104166666666667 0.8015625 0.70625 0.803125 0.7 0.8 0.6958333333333333 0.8 0.6916666666666667 0.803125 0.6854166666666667 0.8015625 0.68125 0.80625 0.6729166666666667 0.8046875 0.6645833333333333 0.80625 0.6604166666666667 0.8203125 0.6625 0.8234375 0.6520833333333333
3 0.74375 0.48333333333333334 0.7640625 0.48333333333333334 0.765625 0.48541666666666666 0.778125 0.48333333333333334 0.7796875 0.4875 0.7796875 0.49375 0.7734375 0.50625 0.7734375 0.5270833333333333 0.7765625 0.5333333333333333 0.7765625 0.5541666666666667 0.76875 0.5604166666666667 0.7578125 0.55 0.7546875 0.54375 0.753125 0.5145833333333333 0.75 0.5083333333333333 0.75 0.49375 0.74375 0.49166666666666664 0.74375 0.48541666666666666
3 0.8046875 0.3104166666666667 0.8125 0.31666666666666665 0.8140625 0.325 0.8140625 0.3625 0.809375 0.37083333333333335 0.8 0.36666666666666664 0.7921875 0.36875 0.7890625 0.35625 0.7921875 0.31666666666666665 0.7953125 0.3125 0.803125 0.3104166666666667