0 0.091140625 0.15266666666666667 0.17534375 0.2095625
3 0.6061093750000001 0.9484166666666667 0.057296875000000004 0.09418750000000001
4 0.3460625 0.49433333333333335 0.266203125 0.5360416666666666
4 0.608796875 0.549125 0.16898437500000002 0.553
2 0.8498281249999999 0.7448125 0.16840625 0.38664583333333336
2 0.79225 0.5842916666666667 0.084484375 0.22185416666666666
2 0.785875 0.41183333333333333 0.085640625 0.16010416666666666
0 0.51678125 0.24089583333333334 0.10301562500000001 0.22097916666666664
4 0.668984375 0.17720833333333333 0.101859375 0.15379166666666666
3 0.7164375 0.42997916666666663 0.023140625 0.089875
3 0.9817656250000001 0.63875 0.036453124999999996 0.10466666666666667
3 0.41753125 0.6912291666666667 0.032984374999999996 0.08925000000000001
3 0.32696875 0.20575000000000002 0.028937499999999998 0.04420833333333333
3 0.1875 0.9644999999999999 0.048609374999999996 0.07097916666666666
3 0.9479218749999999 0.8359166666666666 0.0555625 0.12402083333333333