2 0.31884375 0.6243541666666667 0.18260937500000002 0.3788958333333333
2 0.485359375 0.4961041666666667 0.11328125 0.2421875
2 0.442875 0.33789583333333334 0.09471874999999999 0.14714583333333334
2 0.479 0.25064583333333335 0.07325000000000001 0.11329166666666667
4 0.5493125 0.17839583333333334 0.08692187500000001 0.21354166666666666
2 0.66796875 0.6412708333333333 0.14453125 0.3346458333333333
2 0.8671875 0.8066458333333333 0.177734375 0.3398541666666667
2 0.805671875 0.5761666666666667 0.142578125 0.23829166666666665
3 0.833984375 0.39975 0.044921875 0.10416666666666667
3 0.8735312499999999 0.4908958333333333 0.03028125 0.09635416666666667
3 0.205078125 0.203125 0.037109375 0.09114583333333333
2 0.057625 0.18945833333333334 0.099609375 0.09766666666666667
2 0.033687499999999995 0.23177083333333334 0.06348437500000001 0.08854166666666667
2 0.63428125 0.31575000000000003 0.08495312499999999 0.11066666666666666
2 0.640625 0.42772916666666666 0.119140625 0.134125
4 0.66309375 0.22852083333333334 0.09375 0.2044375
2 0.739265625 0.17839583333333334 0.05078125 0.09114583333333333