2 0.312984375 0.6028749999999999 0.13770312499999998 0.3463541666666667
2 0.489265625 0.4882916666666667 0.107421875 0.1953125
2 0.43896875 0.31835416666666666 0.09862499999999999 0.16797916666666665
2 0.66553125 0.6542916666666667 0.12403125 0.3450625
2 0.8125 0.6022083333333333 0.107421875 0.18620833333333334
2 0.876953125 0.7942708333333334 0.146484375 0.3177083333333333
2 0.767578125 0.42122916666666665 0.09765625 0.16016666666666665
3 0.8784218750000001 0.36262500000000003 0.043953124999999996 0.11589583333333334
2 0.62403125 0.3138125 0.07421875 0.08854166666666667
2 0.63575 0.4192708333333333 0.1328125 0.13020833333333334
4 0.6586875 0.234375 0.09864062500000001 0.20833333333333334
4 0.544921875 0.1953125 0.076171875 0.171875
2 0.4795 0.2539166666666667 0.072265625 0.11458333333333333
2 0.064453125 0.20897916666666666 0.09765625 0.10547916666666667