4 0.469625 0.3777916666666667 0.152609375 0.3872083333333334
2 0.594328125 0.5204791666666667 0.101546875 0.244875
2 0.27534375 0.697375 0.186328125 0.34675
3 0.746140625 0.6213333333333334 0.036890624999999996 0.12264583333333333
3 0.8844375 0.4004583333333333 0.018015625 0.07718749999999999
3 0.916609375 0.683875 0.034234375 0.09141666666666667
2 0.6192656249999999 0.3130833333333333 0.070015625 0.15602083333333333
3 0.899328125 0.5990416666666667 0.026421875 0.09741666666666667
3 0.8456093750000001 0.5357291666666666 0.02834375 0.0911875
3 0.794921875 0.2541875 0.012968750000000001 0.04597916666666667
3 0.96034375 0.6104375 0.01871875 0.07210416666666666
3 0.8217187499999999 0.30979166666666663 0.012328124999999999 0.05120833333333333
3 0.346140625 0.4917708333333334 0.026000000000000002 0.087125
3 0.689453125 0.4961041666666667 0.03125 0.0625
3 0.916015625 0.4648541666666667 0.009765625 0.0625
3 0.692875 0.8802083333333334 0.036140624999999996 0.14322916666666666
3 0.93359375 0.9134166666666667 0.029296875 0.10287500000000001
3 0.8452187500000001 0.4492291666666667 0.020515625000000003 0.049479166666666664
3 0.296390625 0.5201875 0.020515625000000003 0.05339583333333333
2 0.554203125 0.8509166666666667 0.13379687499999998 0.2929791666666667
2 0.661625 0.227875 0.049812499999999996 0.10677083333333333
3 0.8393593750000001 0.6165416666666667 0.03028125 0.06902083333333334
2 0.7529375 0.38085416666666666 0.0859375 0.17839583333333334