2 0.8805781250000001 0.38845833333333335 0.089703125 0.15502083333333333
2 0.6018125000000001 0.5225416666666667 0.118015625 0.298375
3 0.45320312500000004 0.6650625 0.043578125 0.1716666666666667
3 0.8749375 0.5718125000000001 0.03515625 0.09722916666666667
4 0.510546875 0.20108333333333334 0.14910937500000002 0.2873541666666667
3 0.713640625 0.7151458333333333 0.043171875 0.11727083333333334
3 0.8434062499999999 0.7596666666666666 0.037859375 0.1184375
3 0.763015625 0.6788124999999999 0.03125 0.13889583333333333
3 0.794921875 0.5078125 0.022140625 0.09547916666666666
3 0.704421875 0.4348958333333333 0.026046875000000004 0.0711875
3 0.743484375 0.3567708333333333 0.020828125 0.060770833333333336