2 0.714375 0.4185208333333333 0.083828125 0.19714583333333333
4 0.326765625 0.5794583333333333 0.224765625 0.5240416666666666
3 0.120109375 0.5409375 0.036796875 0.0851875
3 0.8427187500000001 0.6798333333333333 0.035046875 0.08537499999999999
3 0.7830625 0.42400000000000004 0.022234375 0.096375
3 0.7835156249999999 0.39760416666666665 0.019734375000000002 0.04672916666666667
3 0.8930312499999999 0.9131874999999999 0.0360625 0.132625
3 0.8876250000000001 0.768625 0.031906250000000004 0.10535416666666667
3 0.8788281250000001 0.44135416666666666 0.017468749999999998 0.04945833333333333
2 0.55821875 0.23670833333333335 0.065 0.111
2 0.5756875 0.49935416666666665 0.09473437500000001 0.2799583333333333
3 0.56396875 0.6614583333333334 0.034187499999999996 0.08333333333333333
3 0.4711875 0.847 0.03028125 0.12891666666666668
3 0.578125 0.94075 0.041015625 0.11850000000000001
3 0.755859375 0.5455833333333333 0.025390625 0.044270833333333336
3 0.809578125 0.5957083333333333 0.02734375 0.056
3 0.9643593750000001 0.7675833333333333 0.028328125 0.08725000000000001
3 0.99121875 0.6985625 0.013671875 0.08985416666666667
3 0.88671875 0.5182291666666666 0.01953125 0.06770833333333333
3 0.922859375 0.5201875 0.01171875 0.058604166666666666
3 0.8354531250000001 0.3307291666666667 0.008796875 0.033854166666666664
3 0.8754843749999999 0.4023541666666667 0.014656250000000001 0.049479166666666664
3 0.82325 0.44727083333333334 0.013671875 0.058604166666666666
3 0.652828125 0.3112083333333333 0.01075 0.052083333333333336
3 0.608890625 0.3307291666666667 0.014656250000000001 0.041666666666666664
3 0.463375 0.296875 0.008796875 0.046875
3 0.61328125 0.2578125 0.017578125 0.036458333333333336
2 0.684578125 0.22266666666666665 0.048828125 0.09114583333333333
2 0.724125 0.28125 0.05371875 0.0859375
2 0.80371875 0.22720833333333335 0.052734375 0.08985416666666667
3 0.778328125 0.30664583333333334 0.0078125 0.0325625
3 0.8110312499999999 0.33529166666666665 0.012703125000000001 0.042979166666666666
2 0.72803125 0.699875 0.09667187499999999 0.27475
2 0.46778125 0.4388125 0.05078125 0.19010416666666666
3 0.8989218749999999 0.6699166666666667 0.024421875000000003 0.06641666666666667
3 0.934578125 0.5865833333333333 0.0234375 0.050791666666666666
3 0.96778125 0.5598958333333334 0.021484375 0.0390625
3 0.9243124999999999 0.4348958333333333 0.016609375000000003 0.033854166666666664