0 0.356890625 0.5944583333333333 0.19032812500000001 0.46266666666666667
4 0.6579375 0.3924375 0.152828125 0.3465625
2 0.8410624999999999 0.7995 0.152203125 0.32581249999999995
4 0.10806249999999999 0.7305625 0.216109375 0.5187916666666667
4 0.50484375 0.31129166666666663 0.1578125 0.4019583333333333
4 0.66478125 0.17108333333333334 0.09909375000000001 0.143
2 0.819296875 0.5048125 0.100703125 0.24339583333333334
2 0.78215625 0.3714791666666667 0.077390625 0.12641666666666668
2 0.637375 0.6843541666666667 0.150390625 0.377875
3 0.868171875 0.40560416666666665 0.029296875 0.07162500000000001
3 0.757328125 0.1888125 0.018562500000000003 0.036458333333333336