3 0.43046875 0.43203125 0.2015625 0.6140625
1 0.1850625 0.46101562500000004 0.14096875 0.188703125
1 0.104515625 0.600578125 0.132640625 0.24559375
1 0.2585 0.371625 0.12465625 0.15921875000000002
2 0.21059375 0.772609375 0.098265625 0.10703125
2 0.389578125 0.83475 0.20971875 0.14103125
2 0.739578125 0.37821875 0.076390625 0.10992187499999999
1 0.626390625 0.561171875 0.1694375 0.191109375
1 0.7165 0.78284375 0.186453125 0.214296875
2 0.818921875 0.558921875 0.092703125 0.14840625000000002
2 0.6036406249999999 0.42196875 0.10659375 0.10018750000000001