4 0.338609375 0.5096041666666667 0.22585937500000003 0.6038333333333333
4 0.6620625 0.30102083333333335 0.111359375 0.31635416666666666
3 0.23785937499999998 0.16085416666666666 0.024265625 0.07214583333333334
2 0.79096875 0.4968541666666667 0.11737500000000001 0.3431875
3 0.849734375 0.3736875 0.013953125 0.04604166666666667
3 0.49246875 0.7262500000000001 0.0363125 0.12418749999999999
2 0.611328125 0.7395833333333334 0.115234375 0.3333333333333333
3 0.398921875 0.9700624999999999 0.036140624999999996 0.057291666666666664
3 0.30321875 0.9518333333333333 0.045906249999999996 0.08072916666666667
3 0.1875 0.9570416666666667 0.025390625 0.049479166666666664
3 0.034187499999999996 0.9023541666666667 0.04296875 0.09635416666666667
3 0.419921875 0.7122499999999999 0.02734375 0.07552083333333333
3 0.481453125 0.5449166666666667 0.009765625 0.06120833333333333
3 0.540046875 0.6022083333333333 0.01953125 0.06902083333333334
3 0.9467812500000001 0.6725208333333333 0.028328125 0.06641666666666667
3 0.974609375 0.7662708333333333 0.01953125 0.06120833333333333
3 0.8979531250000001 0.6809999999999999 0.016609375000000003 0.0546875
3 0.9409218750000001 0.5455833333333333 0.020515625000000003 0.0546875
3 0.9731406249999999 0.59375 0.012703125000000001 0.046875
3 0.89453125 0.3971458333333333 0.021484375 0.0546875
3 0.8627968750000001 0.4375 0.016609375000000003 0.049479166666666664
0 0.487796875 0.3606875 0.053703125 0.2578125
2 0.8100625000000001 0.8417916666666667 0.15137499999999998 0.3164166666666667
2 0.642578125 0.5318958333333333 0.099609375 0.18360416666666665
3 0.12451562499999999 0.30404166666666665 0.026359375 0.050770833333333334
3 0.09864062500000001 0.28841666666666665 0.015625 0.035166666666666666
3 0.159671875 0.23177083333333334 0.018562500000000003 0.036458333333333336
3 0.17334375 0.8997499999999999 0.022468750000000003 0.10416666666666667
3 0.349609375 0.8151041666666666 0.025390625 0.08072916666666667