4 0.617 0.6032708333333333 0.181796875 0.5636875
2 0.32390625 0.6408124999999999 0.18234375 0.38497916666666665
2 0.46175 0.2536875 0.065453125 0.10110416666666668
0 0.571109375 0.094625 0.073109375 0.16508333333333333
2 0.88128125 0.7238749999999999 0.16178125000000002 0.40414583333333337
3 0.377890625 0.21783333333333335 0.029312500000000002 0.09220833333333332
4 0.652875 0.22497916666666665 0.102953125 0.271875
2 0.7980625 0.5228125 0.11659375000000001 0.29514583333333333
2 0.53978125 0.22204166666666666 0.077328125 0.18306250000000002
4 0.7492656249999999 0.25177083333333333 0.074828125 0.16764583333333333
2 0.399421875 0.4322916666666667 0.087890625 0.18489583333333334