2 0.5758125 0.7306041666666666 0.15996875 0.41320833333333334
2 0.37110937499999996 0.46552083333333333 0.13040625 0.21979166666666666
2 0.289921875 0.6924375 0.16190625 0.32358333333333333
0 0.48775 0.28379166666666666 0.089109375 0.17877083333333335
2 0.661078125 0.5016041666666667 0.1171875 0.2204375
2 0.18521875000000002 0.9177291666666666 0.248640625 0.1572083333333333
2 0.404796875 0.10541666666666667 0.055578125 0.09764583333333333
0 0.56396875 0.1298125 0.05825 0.139875
2 0.431109375 0.3359583333333333 0.099796875 0.11572916666666666
3 0.871875 0.2708333333333333 0.8765625 0.275 0.8765625 0.2875 0.88125 0.30625 0.88125 0.32916666666666666 0.8796875 0.33125 0.875 0.32708333333333334 0.865625 0.32708333333333334 0.8609375 0.3125 0.8640625 0.30625 0.8625 0.30416666666666664 0.8640625 0.3 0.8625 0.2791666666666667 0.865625 0.2708333333333333 0.8703125 0.2708333333333333
3 0.840625 0.21666666666666667 0.8453125 0.22916666666666666 0.8453125 0.25 0.8421875 0.2625 0.8375 0.2625 0.8328125 0.25625 0.83125 0.24791666666666667 0.83125 0.22291666666666668 0.834375 0.21666666666666667 0.8390625 0.21666666666666667
3 0.615625 0.15416666666666667 0.6203125 0.15625 0.6265625 0.16875 0.621875 0.2 0.615625 0.20208333333333334 0.6125 0.19583333333333333 0.6125 0.16041666666666668 0.6140625 0.15625
3 0.8515625 0.23125 0.8578125 0.23958333333333334 0.85625 0.26666666666666666 0.8484375 0.26666666666666666 0.846875 0.26458333333333334 0.846875 0.23958333333333334 0.85 0.23333333333333334
3 0.89375 0.31666666666666665 0.8984375 0.31666666666666665 0.9046875 0.3229166666666667 0.9109375 0.33958333333333335 0.909375 0.37083333333333335 0.9125 0.3854166666666667 0.9078125 0.4 0.9015625 0.4 0.8921875 0.39375 0.8859375 0.36041666666666666 0.8875 0.35833333333333334 0.8890625 0.33125 0.890625 0.3229166666666667 0.89375 0.31875
3 0.534375 0 0.5421875 0.0020833333333333333 0.5421875 0.0125 0.540625 0.014583333333333334 0.5359375 0.014583333333333334 0.5328125 0.00625 0.534375 0.0020833333333333333
3 0.15 0.14166666666666666 0.1609375 0.13958333333333334 0.1625 0.14375 0.1609375 0.14583333333333334 0.1625 0.17083333333333334 0.1546875 0.18125 0.146875 0.17916666666666667 0.1453125 0.17083333333333334 0.146875 0.16666666666666666 0.1453125 0.16458333333333333 0.1453125 0.15208333333333332 0.15 0.14375
3 0.7890625 0.25416666666666665 0.7953125 0.225 0.8015625 0.22083333333333333 0.80625 0.23125 0.803125 0.2604166666666667 0.796875 0.2708333333333333 0.79375 0.2708333333333333 0.790625 0.26458333333333334 0.790625 0.25625
3 0.4234375 0.10833333333333334 0.428125 0.1125 0.4296875 0.11875 0.428125 0.14375 0.421875 0.15208333333333332 0.4140625 0.15208333333333332 0.4109375 0.14375 0.4109375 0.12291666666666666 0.415625 0.11458333333333333 0.421875 0.11041666666666666
3 0.51875 0.01875 0.5234375 0.025 0.521875 0.05 0.51875 0.05416666666666667 0.5140625 0.052083333333333336 0.5140625 0.025 0.5171875 0.020833333333333332
3 0.809375 0.29583333333333334 0.8140625 0.29791666666666666 0.8140625 0.33958333333333335 0.8078125 0.35833333333333334 0.8046875 0.36041666666666666 0.8 0.35833333333333334 0.7953125 0.3458333333333333 0.7953125 0.325 0.7984375 0.31666666666666665 0.8 0.3 0.8078125 0.29583333333333334
3 0.9125 0.40208333333333335 0.915625 0.3854166666666667 0.9265625 0.3729166666666667 0.93125 0.3729166666666667 0.9421875 0.39375 0.9421875 0.425 0.94375 0.4270833333333333 0.9421875 0.4625 0.9359375 0.4708333333333333 0.928125 0.4708333333333333 0.915625 0.4625 0.9109375 0.45 0.9140625 0.4041666666666667
3 0.9859375 0.8229166666666666 0.9875 0.825 0.9859375 0.8270833333333333 0.9890625 0.8291666666666667 0.9890625 0.8333333333333334 0.9953125 0.84375 0.990625 0.8520833333333333 0.990625 0.8708333333333333 0.99375 0.8854166666666666 0.99375 0.91875 0.990625 0.9270833333333334 0.990625 0.9479166666666666 0.9859375 0.9666666666666667 0.978125 0.9770833333333333 0.9734375 0.9958333333333333 0.965625 0.99375 0.9640625 0.9791666666666666 0.9609375 0.975 0.9546875 0.9520833333333333 0.953125 0.9270833333333334 0.95625 0.925 0.9546875 0.9145833333333333 0.9578125 0.9104166666666667 0.95625 0.9083333333333333 0.95625 0.8791666666666667 0.953125 0.875 0.9546875 0.86875 0.9484375 0.8604166666666667 0.9484375 0.8541666666666666 0.95 0.85 0.9640625 0.84375 0.9765625 0.8229166666666666 0.984375 0.8229166666666666
3 0.765625 0.14791666666666667 0.76875 0.15208333333333332 0.76875 0.15833333333333333 0.765625 0.175 0.7625 0.17708333333333334 0.75625 0.17291666666666666 0.7546875 0.15208333333333332 0.7609375 0.14583333333333334 0.7640625 0.14791666666666667
2 0.7578125 0.6541666666666667 0.7578125 0.7583333333333333 0.7671875 0.7958333333333333 0.765625 0.8333333333333334 0.771875 0.86875 0.7875 0.8833333333333333 0.8828125 0.9125 0.8953125 0.88125 0.89375 0.8270833333333333 0.9125 0.7354166666666667 0.8921875 0.6375 0.90625 0.5916666666666667 0.884375 0.525 0.8765625 0.5166666666666667 0.8125 0.5020833333333333 0.76875 0.5 0.7640625 0.5083333333333333 0.7703125 0.5145833333333333 0.76875 0.5729166666666666
2 0.7359375 0.46458333333333335 0.7296875 0.5020833333333333 0.7296875 0.5854166666666667 0.7390625 0.6395833333333333 0.7546875 0.65625 0.7671875 0.5166666666666667 0.78125 0.49583333333333335 0.8328125 0.5041666666666667 0.8375 0.49166666666666664 0.8171875 0.43125 0.803125 0.41875 0.753125 0.41875
2 0.7203125 0.37916666666666665 0.7234375 0.46458333333333335 0.7296875 0.4895833333333333 0.7546875 0.41875 0.8078125 0.41875 0.8140625 0.4125 0.7921875 0.36041666666666666 0.7515625 0.34791666666666665 0.7359375 0.35625
2 0.7296875 0.28125 0.7203125 0.3541666666666667 0.7234375 0.37916666666666665 0.73125 0.35833333333333334 0.7953125 0.36041666666666666 0.7875 0.29791666666666666 0.775 0.26875 0.7453125 0.2604166666666667
4 0.703125 0.24166666666666667 0.7015625 0.31666666666666665 0.70625 0.32708333333333334 0.7203125 0.325 0.7328125 0.26875 0.7609375 0.2604166666666667 0.759375 0.22083333333333333 0.7515625 0.20833333333333334 0.715625 0.20208333333333334
4 0.709375 0.16041666666666668 0.709375 0.18541666666666667 0.74375 0.19166666666666668 0.7546875 0.18541666666666667 0.75 0.15208333333333332 0.740625 0.14166666666666666 0.71875 0.14583333333333334
2 0.6171875 0.26875 0.61875 0.3458333333333333 0.6359375 0.29583333333333334 0.671875 0.29791666666666666 0.68125 0.2791666666666667 0.6734375 0.2708333333333333 0.6703125 0.23125 0.6484375 0.225 0.6265625 0.22916666666666666