2 0.248234375 0.7525208333333333 0.17571874999999998 0.39918750000000003
2 0.47278125 0.38716666666666666 0.11582812499999999 0.21912500000000001
2 0.36915624999999996 0.5377083333333333 0.13959375000000002 0.28545833333333337
4 0.64915625 0.23741666666666666 0.11656249999999999 0.3178125
2 0.6433125000000001 0.5369791666666667 0.153109375 0.23354166666666665
2 0.896421875 0.8389375 0.19337500000000002 0.3221041666666667
2 0.9071875 0.412875 0.087515625 0.176125
3 0.843890625 0.4295833333333333 0.01715625 0.057979166666666665
3 0.737453125 0.47602083333333334 0.020078125 0.08577083333333334
3 0.7803125 0.4545416666666667 0.020953125 0.0444375
3 0.7296875 0.35833333333333334 0.7296875 0.42083333333333334 0.740625 0.44583333333333336 0.7515625 0.43125 0.7546875 0.38958333333333334 0.7421875 0.35625
2 0.715625 0.23541666666666666 0.7109375 0.32083333333333336 0.7203125 0.33541666666666664 0.7453125 0.3375 0.7671875 0.29583333333333334 0.7703125 0.27291666666666664 0.746875 0.21875 0.71875 0.22083333333333333
2 0.471875 0.24375 0.4671875 0.27708333333333335 0.490625 0.28125 0.5203125 0.3020833333333333 0.53125 0.3458333333333333 0.5375 0.3458333333333333 0.5453125 0.28958333333333336 0.534375 0.22291666666666668 0.4890625 0.21875
2 0.4921875 0.1875 0.478125 0.22291666666666668 0.4890625 0.21666666666666667 0.5296875 0.21875 0.540625 0.24583333333333332 0.534375 0.18125 0.5078125 0.175
2 0.525 0.15833333333333333 0.5234375 0.175 0.534375 0.17916666666666667 0.540625 0.19791666666666666 0.5453125 0.24375 0.559375 0.24791666666666667 0.5703125 0.2125 0.5609375 0.16041666666666668 0.5421875 0.15208333333333332
4 0.5296875 0.0625 0.525 0.15208333333333332 0.5375 0.14791666666666667 0.5609375 0.15833333333333333 0.565625 0.20625 0.5734375 0.2125 0.58125 0.18958333333333333 0.5875 0.1875 0.590625 0.125 0.5984375 0.09375 0.596875 0.05 0.5890625 0.041666666666666664 0.5484375 0.0375
2 0.728125 0.6208333333333333 0.73125 0.6375 0.7234375 0.7083333333333334 0.728125 0.775 0.7609375 0.8 0.7796875 0.8 0.775 0.7708333333333334 0.7640625 0.7645833333333333 0.7609375 0.7479166666666667 0.790625 0.71875 0.7984375 0.6791666666666667 0.8109375 0.6520833333333333 0.8546875 0.64375 0.8625 0.58125 0.85625 0.5041666666666667 0.846875 0.50625 0.8171875 0.48541666666666666 0.7609375 0.4791666666666667 0.7359375 0.5625 0.7359375 0.5958333333333333
3 0.8640625 0.61875 0.8609375 0.6541666666666667 0.865625 0.6583333333333333 0.8796875 0.6541666666666667 0.8953125 0.625 0.8828125 0.5875 0.88125 0.6020833333333333 0.86875 0.6041666666666666
3 0.8 0.44375 0.803125 0.47291666666666665 0.825 0.48541666666666666 0.8296875 0.44166666666666665 0.8171875 0.43333333333333335
3 0.80625 0.2625 0.809375 0.30625 0.8203125 0.3104166666666667 0.825 0.3 0.8234375 0.26458333333333334 0.815625 0.24791666666666667
3 0.828125 0.3 0.8203125 0.3375 0.821875 0.3729166666666667 0.8265625 0.38958333333333334 0.8375 0.3958333333333333 0.84375 0.3416666666666667 0.8375 0.30625
3 0.7734375 0.325 0.771875 0.35 0.7765625 0.35625 0.7828125 0.35 0.7859375 0.3229166666666667 0.7765625 0.31666666666666665
3 0.7515625 0.3416666666666667 0.7484375 0.37916666666666665 0.7546875 0.39166666666666666 0.7640625 0.37916666666666665 0.7671875 0.3541666666666667 0.7625 0.3333333333333333