2 0.7659374999999999 0.4044375 0.07240625 0.1701666666666667
2 0.6522187500000001 0.3593958333333333 0.08054687499999999 0.15954166666666666
2 0.6291875 0.6849375 0.13440625 0.3685208333333333
0 0.28953125 0.5737083333333334 0.24529687500000003 0.5254375
3 0.87325 0.3882083333333333 0.024875 0.07785416666666665
3 0.876140625 0.6638958333333334 0.022546875 0.073
3 0.7831406249999999 0.6963541666666667 0.038578125000000005 0.11181250000000001
3 0.8514375 0.5970416666666666 0.0158125 0.061812500000000006
3 0.92396875 0.532875 0.022046875 0.08537499999999999
3 0.7401875 0.516875 0.020374999999999997 0.0655
3 0.43490624999999994 0.49579166666666663 0.021249999999999998 0.07949999999999999
3 0.8422031249999999 0.5249583333333333 0.016203125 0.0665
3 0.8787968749999999 0.5440833333333334 0.01571875 0.0498125
4 0.5070625 0.17964583333333334 0.0811875 0.15702083333333333
3 0.797734375 0.5193541666666667 0.014671875000000001 0.06452083333333333
3 0.319828125 0.8925833333333333 0.051765625 0.11068750000000001
3 0.503421875 0.6914166666666667 0.038093749999999996 0.07552083333333333
3 0.736328125 0.6595 0.03125 0.0638125
3 0.989265625 0.5859375 0.01953125 0.052083333333333336
2 0.464359375 0.38737499999999997 0.08690624999999999 0.12889583333333332
4 0.656734375 0.20704166666666665 0.08692187500000001 0.171875
3 0.47803125 0.5976666666666667 0.03028125 0.0625
3 0.4555625 0.75 0.024406249999999997 0.1328125
3 0.9311562500000001 0.7102916666666667 0.043953124999999996 0.07943750000000001
3 0.81640625 0.41602083333333334 0.015625 0.056
3 0.3774375 0.6979166666666666 0.020515625000000003 0.078125
3 0.417484375 0.6321666666666667 0.016609375000000003 0.09506250000000001
3 0.52978125 0.5514375 0.034187499999999996 0.07683333333333334
3 0.443359375 0.31445833333333334 0.013671875 0.0481875
3 0.49121875 0.31185416666666665 0.017578125 0.029958333333333333
3 0.528328125 0.3554791666666667 0.01171875 0.057291666666666664
3 0.8510781250000001 0.3450625 0.014656250000000001 0.057291666666666664
3 0.8256875000000001 0.3606875 0.018562500000000003 0.044270833333333336
3 0.852546875 0.2786458333333333 0.0234375 0.057291666666666664
3 0.80371875 0.22135416666666666 0.01171875 0.033854166666666664
3 0.499515625 0.94075 0.026359375 0.08722916666666666
3 0.954109375 0.9479166666666666 0.02734375 0.09635416666666667