2 0.52915625 0.6730833333333333 0.16828125 0.36620833333333336
2 0.36921875000000004 0.464875 0.12996875000000002 0.2115625
2 0.62315625 0.41941666666666666 0.102375 0.21783333333333335
4 0.457515625 0.27727083333333336 0.1169375 0.23735416666666667
4 0.16640625 0.7782083333333334 0.330859375 0.44356249999999997
3 0.536484375 0.4462083333333334 0.025468750000000002 0.08229166666666667
0 0.825203125 0.546875 0.193359375 0.640625
3 0.9536093749999999 0.731125 0.018562500000000003 0.09245833333333334
3 0.500984375 0.4726666666666667 0.021484375 0.057291666666666664
3 0.45946875 0.40820833333333334 0.01075 0.058604166666666666
3 0.560546875 0.3776041666666667 0.0234375 0.057291666666666664
3 0.534671875 0.35612499999999997 0.004890625 0.04558333333333333
3 0.55321875 0.30404166666666665 0.008796875 0.035166666666666666
3 0.591796875 0.29362499999999997 0.01171875 0.03777083333333333
3 0.354984375 0.7480416666666667 0.032234374999999996 0.12110416666666667