2 0.21387499999999998 0.8053333333333333 0.23828125 0.352875
2 0.4243125 0.40429166666666666 0.13964062500000002 0.21485416666666665
4 0.630375 0.6295625 0.24315625000000002 0.6731666666666667
3 0.5493125 0.4648541666666667 0.016609375000000003 0.041666666666666664
3 0.821296875 0.6588541666666666 0.02734375 0.1171875
3 0.8828125 0.9459583333333333 0.0546875 0.10808333333333334
3 0.787109375 0.3268333333333333 0.029296875 0.052083333333333336
2 0.539546875 0.21225 0.07323437499999999 0.12239583333333333
3 0.11670312499999999 0.23047916666666665 0.032234374999999996 0.028645833333333332
3 0.60303125 0.24610416666666665 0.020515625000000003 0.036458333333333336
3 0.625484375 0.21679166666666666 0.018562500000000003 0.029958333333333333