2 0.201671875 0.9008541666666667 0.23670312500000001 0.18935416666666666
3 0.540359375 0.4494166666666667 0.028421875000000003 0.10585416666666667
3 0.610265625 0.4153958333333333 0.01740625 0.091625
2 0.793046875 0.22170833333333334 0.049359375 0.09570833333333333
2 0.8316874999999999 0.6227916666666666 0.138015625 0.493625
3 0.74375 0.33125 0.7484375 0.33541666666666664 0.746875 0.3645833333333333 0.74375 0.3770833333333333 0.74375 0.39166666666666666 0.740625 0.4083333333333333 0.7359375 0.41458333333333336 0.73125 0.41458333333333336 0.7265625 0.41041666666666665 0.7265625 0.3854166666666667 0.73125 0.3770833333333333 0.73125 0.35833333333333334 0.728125 0.34791666666666665 0.734375 0.33125 0.7421875 0.33125
3 0.6203125 0.2 0.6234375 0.20625 0.6234375 0.225 0.621875 0.22708333333333333 0.621875 0.23958333333333334 0.615625 0.2520833333333333 0.6078125 0.24583333333333332 0.6078125 0.20208333333333334 0.6125 0.19791666666666666 0.61875 0.2
3 0.490625 0.6104166666666667 0.50625 0.625 0.5 0.63125 0.5015625 0.6395833333333333 0.4984375 0.65625 0.5 0.6729166666666667 0.496875 0.6833333333333333 0.496875 0.71875 0.4890625 0.7270833333333333 0.4828125 0.75625 0.4765625 0.7645833333333333 0.4734375 0.7645833333333333 0.4703125 0.7604166666666666 0.4703125 0.74375 0.471875 0.7416666666666667 0.4703125 0.73125 0.4734375 0.7145833333333333 0.471875 0.7125 0.4734375 0.69375 0.46875 0.68125 0.475 0.65625 0.475 0.6479166666666667 0.471875 0.6375 0.4640625 0.625 0.4625 0.6104166666666667 0.4640625 0.6083333333333333 0.46875 0.6083333333333333 0.471875 0.6125 0.4890625 0.6104166666666667
3 0.590625 0.2791666666666667 0.5953125 0.28125 0.5984375 0.2916666666666667 0.6 0.3333333333333333 0.5921875 0.35 0.5890625 0.35208333333333336 0.584375 0.35 0.5796875 0.32916666666666666 0.58125 0.32708333333333334 0.5796875 0.325 0.5796875 0.2875 0.5828125 0.28125 0.5890625 0.2791666666666667
3 0.6609375 0.5125 0.66875 0.53125 0.684375 0.5291666666666667 0.69375 0.5333333333333333 0.696875 0.5395833333333333 0.6953125 0.5604166666666667 0.69375 0.5625 0.6953125 0.5979166666666667 0.6921875 0.6145833333333334 0.6859375 0.6270833333333333 0.6828125 0.6395833333333333 0.6765625 0.6416666666666667 0.6734375 0.6375 0.6734375 0.6208333333333333 0.6703125 0.6125 0.6703125 0.58125 0.665625 0.5583333333333333 0.665625 0.5416666666666666 0.6609375 0.5333333333333333 0.659375 0.5145833333333333
3 0.6765625 0.3020833333333333 0.6796875 0.30625 0.678125 0.35833333333333334 0.66875 0.3770833333333333 0.6625 0.375 0.659375 0.36666666666666664 0.6578125 0.3416666666666667 0.6609375 0.325 0.6609375 0.3104166666666667 0.665625 0.3020833333333333 0.671875 0.3 0.675 0.3020833333333333
3 0.7640625 0.16875 0.76875 0.17708333333333334 0.76875 0.2 0.7640625 0.20833333333333334 0.759375 0.20833333333333334 0.7546875 0.20208333333333334 0.7546875 0.175 0.7578125 0.16875 0.7625 0.16875
3 0.3765625 0.6145833333333334 0.38125 0.6145833333333334 0.4015625 0.6354166666666666 0.40625 0.6333333333333333 0.4171875 0.6354166666666666 0.421875 0.6479166666666667 0.41875 0.6583333333333333 0.41875 0.675 0.421875 0.6854166666666667 0.421875 0.7083333333333334 0.415625 0.7229166666666667 0.415625 0.7354166666666667 0.4171875 0.7375 0.39375 0.7729166666666667 0.3921875 0.78125 0.3875 0.78125 0.384375 0.7625 0.384375 0.7145833333333333 0.3828125 0.7125 0.3828125 0.6875 0.38125 0.6854166666666667 0.38125 0.6645833333333333 0.384375 0.64375 0.3765625 0.6333333333333333 0.3765625 0.6208333333333333 0.375 0.61875 0.3765625 0.6166666666666667
3 0.7953125 0.33958333333333335 0.8078125 0.34375 0.8109375 0.34791666666666665 0.80625 0.35833333333333334 0.8046875 0.37916666666666665 0.796875 0.38333333333333336 0.790625 0.38125 0.7875 0.375 0.7890625 0.34791666666666665 0.79375 0.3416666666666667
3 0.721875 0.38125 0.725 0.41875 0.7203125 0.45 0.7125 0.4583333333333333 0.70625 0.4479166666666667 0.703125 0.43125 0.703125 0.40625 0.7046875 0.4041666666666667 0.7046875 0.39166666666666666 0.7078125 0.38333333333333336 0.7109375 0.37916666666666665 0.71875 0.37916666666666665 0.7203125 0.38125
2 0.45625 0.8666666666666667 0.4609375 0.8958333333333334 0.4546875 0.9 0.45625 0.9270833333333334 0.4859375 0.9625 0.4875 0.9791666666666666 0.5109375 0.9770833333333333 0.5375 0.9979166666666667 0.6515625 0.9979166666666667 0.6609375 0.9833333333333333 0.6703125 0.9833333333333333 0.6703125 0.9583333333333334 0.678125 0.9541666666666667 0.678125 0.80625 0.66875 0.7979166666666667 0.6609375 0.7708333333333334 0.6703125 0.7541666666666667 0.6765625 0.6708333333333333 0.665625 0.6291666666666667 0.6640625 0.5729166666666666 0.65625 0.54375 0.6125 0.53125 0.5546875 0.5354166666666667 0.5296875 0.6208333333333333 0.528125 0.6583333333333333 0.51875 0.6854166666666667 0.509375 0.6916666666666667 0.515625 0.7125 0.4984375 0.7541666666666667 0.490625 0.7541666666666667 0.484375 0.7770833333333333 0.4765625 0.7791666666666667
2 0.84375 0.3229166666666667 0.834375 0.34791666666666665 0.84375 0.38125 0.840625 0.38958333333333334 0.871875 0.40208333333333335 0.896875 0.48125 0.896875 0.5041666666666667 0.9203125 0.50625 0.928125 0.46458333333333335 0.9078125 0.36875
2 0.35 0.44166666666666665 0.346875 0.5145833333333333 0.3515625 0.54375 0.3578125 0.5458333333333333 0.3671875 0.5333333333333333 0.40625 0.53125 0.4421875 0.5604166666666667 0.453125 0.5041666666666667 0.4734375 0.4791666666666667 0.4828125 0.4166666666666667 0.4828125 0.325 0.46875 0.3145833333333333 0.4078125 0.30625 0.375 0.3416666666666667 0.3640625 0.37916666666666665 0.3546875 0.3875
4 0.4546875 0.22291666666666668 0.453125 0.2916666666666667 0.4859375 0.32708333333333334 0.4875 0.35 0.521875 0.3645833333333333 0.546875 0.30625 0.55625 0.23333333333333334 0.55625 0.13125 0.525 0.11458333333333333 0.465625 0.12916666666666668
0 0.53125 0.075 0.5296875 0.1125 0.5609375 0.13333333333333333 0.5609375 0.20833333333333334 0.5859375 0.21458333333333332 0.6078125 0.12291666666666666 0.6 0.0625 0.5828125 0.041666666666666664 0.5625 0.0375 0.5375 0.05625