2 0.44496874999999997 0.384875 0.098359375 0.23054166666666667
4 0.643171875 0.2243125 0.08584375 0.20066666666666666
3 0.963640625 0.6831458333333333 0.047328125 0.10493749999999999
3 0.07215625 0.20627083333333335 0.032125 0.029437500000000002
3 0.68934375 0.6912291666666667 0.035921875 0.10489583333333334
2 0.60371875 0.41329166666666667 0.089140625 0.19602083333333334
3 0.88090625 0.6094583333333333 0.030593749999999996 0.09381250000000001
3 0.842609375 0.676875 0.0354375 0.119
3 0.7808125 0.6067708333333334 0.024203125 0.09466666666666666
3 0.786078125 0.4779375 0.0243125 0.0861875
3 0.836578125 0.46660416666666665 0.032328125 0.08839583333333333
3 0.2265625 0.7584375 0.048390625 0.1385625
3 0.69375 0.371625 0.02690625 0.1135625
3 0.70884375 0.5001666666666666 0.023890625 0.07672916666666667
3 0.9357656249999999 0.5183125 0.02584375 0.07252083333333334
3 0.839796875 0.40170833333333333 0.011921875 0.05254166666666667
3 0.836125 0.2894791666666666 0.017125 0.062625
3 0.5390625 0.37564583333333335 0.0234375 0.056
3 0.542 0.29752083333333335 0.013671875 0.040375
3 0.493171875 0.2942708333333333 0.01171875 0.028645833333333332
3 0.571296875 0.2916666666666667 0.017578125 0.0546875
3 0.59278125 0.7832083333333333 0.041015625 0.16016666666666665
3 0.3618125 0.9778749999999999 0.036140624999999996 0.044270833333333336
3 0.694828125 0.903 0.040046874999999996 0.1419375
3 0.796875 0.8691458333333333 0.03515625 0.1419375
3 0.8618124999999999 0.9570416666666667 0.043953124999999996 0.08333333333333333
3 0.9721718750000001 0.8086041666666667 0.036140624999999996 0.08333333333333333
3 0.879890625 0.8352916666666667 0.02734375 0.08985416666666667
3 0.713875 0.5598958333333334 0.01953125 0.07552083333333333
3 0.903328125 0.5377708333333333 0.015625 0.0546875
3 0.8930624999999999 0.4518333333333333 0.026375 0.049479166666666664
3 0.743171875 0.4791666666666667 0.021484375 0.0625