2 0.4523125 0.11010416666666667 0.054468749999999996 0.0993125
3 0.493578125 0.63725 0.03184375 0.12904166666666667
3 0.9297656249999999 0.43104166666666666 0.026750000000000003 0.0630625
3 0.8472500000000001 0.44299999999999995 0.025031249999999998 0.0560625
4 0.228125 0.4583333333333333 0.2328125 0.4708333333333333 0.221875 0.6333333333333333 0.2265625 0.675 0.246875 0.68125 0.25625 0.6645833333333333 0.284375 0.65 0.3859375 0.66875 0.3890625 0.7458333333333333 0.403125 0.75625 0.421875 0.69375 0.4234375 0.6604166666666667 0.440625 0.6354166666666666 0.4625 0.5479166666666667 0.4953125 0.46875 0.4921875 0.44583333333333336 0.509375 0.4 0.5265625 0.3229166666666667 0.525 0.2875 0.5140625 0.26875 0.3921875 0.2520833333333333 0.34375 0.30416666666666664 0.2640625 0.28958333333333336 0.2453125 0.39375 0.2375 0.4041666666666667 0.2390625 0.43333333333333335
4 0.5390625 0.7083333333333334 0.5375 0.7729166666666667 0.5484375 0.79375 0.6140625 0.8125 0.646875 0.8104166666666667 0.7203125 0.8395833333333333 0.73125 0.81875 0.7375 0.7958333333333333 0.734375 0.775 0.7421875 0.6927083333333334 0.7546875 0.6604166666666667 0.7421875 0.5604166666666667 0.75 0.475 0.7578125 0.4479166666666667 0.75 0.42916666666666664 0.759375 0.37916666666666665 0.7640625 0.28958333333333336 0.7625 0.25 0.7390625 0.15625 0.6171875 0.14166666666666666 0.5921875 0.1625 0.56875 0.23333333333333334
2 0.1515625 0.8625 0.1671875 0.9 0.146875 0.9979166666666667 0.346875 0.9979166666666667 0.3765625 0.9479166666666666 0.3859375 0.8895833333333333 0.3875 0.7520833333333333 0.371875 0.6833333333333333 0.3359375 0.6604166666666667 0.2703125 0.65625 0.21875 0.74375 0.1796875 0.85
2 0.7609375 0.5770833333333333 0.759375 0.65625 0.765625 0.6770833333333334 0.7609375 0.68125 0.7625 0.7020833333333333 0.7734375 0.7333333333333333 0.771875 0.7625 0.7796875 0.7645833333333333 0.7796875 0.7583333333333333 0.8 0.7479166666666667 0.8140625 0.76875 0.8390625 0.7833333333333333 0.8515625 0.80625 0.8640625 0.8104166666666667 0.89375 0.76875 0.9046875 0.71875 0.89375 0.6479166666666667 0.8953125 0.61875 0.859375 0.48541666666666666 0.8203125 0.4666666666666667 0.7828125 0.4666666666666667 0.771875 0.48541666666666666
2 0.7640625 0.3333333333333333 0.7640625 0.41458333333333336 0.771875 0.45625 0.778125 0.4625 0.8171875 0.4583333333333333 0.8265625 0.4083333333333333 0.825 0.3541666666666667 0.809375 0.32708333333333334 0.7671875 0.3229166666666667
3 0.2171875 0.20208333333333334 0.2265625 0.20625 0.2265625 0.2125 0.221875 0.22083333333333333 0.2203125 0.2604166666666667 0.215625 0.27291666666666664 0.2046875 0.28125 0.1984375 0.2791666666666667 0.196875 0.275 0.1984375 0.22708333333333333 0.2015625 0.21666666666666667 0.2015625 0.20625 0.20625 0.2 0.215625 0.20208333333333334
3 0.5140625 0.44583333333333336 0.5078125 0.45625 0.521875 0.48333333333333334 0.5234375 0.525 0.528125 0.5395833333333333 0.5375 0.5395833333333333 0.54375 0.5520833333333334 0.5515625 0.49375 0.55 0.4354166666666667 0.5328125 0.4270833333333333
3 0.875 0.9104166666666667 0.8796875 0.9395833333333333 0.8703125 0.9645833333333333 0.875 0.9979166666666667 0.91875 0.9979166666666667 0.921875 0.9125
3 0.6359375 0.8854166666666666 0.6390625 0.9958333333333333 0.6953125 0.9979166666666667 0.70625 0.8958333333333334 0.68125 0.7770833333333333 0.6578125 0.7791666666666667 0.6640625 0.8104166666666667
3 0.53125 0.34791666666666665 0.5265625 0.4041666666666667 0.5328125 0.41875 0.55625 0.37916666666666665 0.559375 0.3541666666666667 0.553125 0.30625 0.5390625 0.3104166666666667
3 0.8796875 0.34791666666666665 0.884375 0.38958333333333334 0.909375 0.4041666666666667 0.9109375 0.35 0.9 0.3125 0.8921875 0.3125