0 0.35348437499999996 0.5871458333333333 0.1885 0.4761875
4 0.657046875 0.414375 0.15882812500000001 0.3922916666666667
2 0.8368593750000001 0.7859375 0.14709375 0.327625
2 0.8151718750000001 0.49977083333333333 0.09653125 0.24141666666666667
4 0.50428125 0.31685416666666666 0.15926562500000002 0.4009375
4 0.106609375 0.7468541666666667 0.21321875 0.5062916666666667
3 0.8901562500000001 0.4936666666666667 0.031 0.08825
2 0.622078125 0.6848958333333334 0.146484375 0.3359375
2 0.7788125 0.36133333333333334 0.07323437499999999 0.10285416666666666
3 0.91015625 0.6627708333333333 0.03125 0.07552083333333333
3 0.82715625 0.3580833333333333 0.017578125 0.044270833333333336
3 0.9340781249999999 0.9277291666666667 0.026375 0.10806249999999999