3 0.791984375 0.487125 0.02728125 0.10447916666666666
2 0.682703125 0.6551041666666666 0.1293125 0.28635416666666663
3 0.7816562499999999 0.38485416666666666 0.014765625 0.07020833333333334
3 0.829296875 0.6684583333333334 0.036578125 0.12652083333333333
4 0.1875 0.5770833333333333 0.1828125 0.7708333333333334 0.203125 0.85625 0.215625 0.86875 0.25 0.8625 0.2984375 0.8729166666666667 0.353125 0.86875 0.3671875 0.8875 0.3734375 0.9125 0.3859375 0.91875 0.3984375 0.8541666666666666 0.440625 0.71875 0.4625 0.7104166666666667 0.4734375 0.6875 0.484375 0.625 0.4859375 0.5354166666666667 0.5046875 0.47291666666666665 0.5125 0.3958333333333333 0.5140625 0.2375 0.5046875 0.23541666666666666 0.4828125 0.275 0.446875 0.30833333333333335 0.3609375 0.29375 0.3453125 0.26666666666666666 0.35 0.225 0.3484375 0.1875 0.34375 0.18541666666666667 0.234375 0.28541666666666665 0.228125 0.29583333333333334 0.225 0.36041666666666666 0.2140625 0.38958333333333334 0.2203125 0.42083333333333334 0.2125 0.48125 0.196875 0.5104166666666666
2 0.5140625 0.26458333333333334 0.5125 0.4 0.54375 0.41041666666666665 0.5453125 0.42291666666666666 0.56875 0.32708333333333334 0.56875 0.26458333333333334 0.5546875 0.23541666666666666 0.53125 0.22916666666666666 0.5203125 0.23125
2 0.5703125 0.5083333333333333 0.5703125 0.6041666666666666 0.590625 0.6125 0.628125 0.5645833333333333 0.634375 0.5020833333333333 0.6671875 0.49583333333333335 0.68125 0.4666666666666667 0.6734375 0.3645833333333333 0.6640625 0.34791666666666665 0.6046875 0.3416666666666667 0.578125 0.44583333333333336 0.584375 0.46875
2 0.63125 0.30833333333333335 0.6296875 0.3375 0.66875 0.35208333333333336 0.6796875 0.4354166666666667 0.6984375 0.39375 0.690625 0.31666666666666665 0.65625 0.3020833333333333
2 0.625 0.24166666666666667 0.6234375 0.28958333333333336 0.6296875 0.3020833333333333 0.6875 0.3020833333333333 0.6875 0.24583333333333332 0.6765625 0.20833333333333334 0.6453125 0.19791666666666666
2 0.5265625 0.175 0.528125 0.22291666666666668 0.5640625 0.24375 0.5703125 0.29791666666666666 0.5765625 0.28958333333333336 0.584375 0.22708333333333333 0.58125 0.1875 0.5734375 0.16666666666666666 0.559375 0.16041666666666668 0.5390625 0.16041666666666668
2 0.465625 0.25 0.4640625 0.2791666666666667 0.46875 0.28125 0.503125 0.225 0.5234375 0.22708333333333333 0.5265625 0.20625 0.503125 0.19791666666666666 0.4859375 0.20208333333333334
3 0.8046875 0.15 0.8125 0.16041666666666668 0.8109375 0.19583333333333333 0.8046875 0.19583333333333333 0.796875 0.18958333333333333 0.7953125 0.175 0.7984375 0.1625 0.7984375 0.15208333333333332 0.803125 0.15
3 0.7296875 0.11875 0.7328125 0.12291666666666666 0.7328125 0.14375 0.7296875 0.14791666666666667 0.728125 0.14583333333333334 0.7203125 0.14583333333333334 0.7171875 0.13958333333333334 0.7171875 0.12291666666666666 0.725 0.11666666666666667 0.728125 0.11875
3 0.7046875 0.20208333333333334 0.70625 0.20416666666666666 0.70625 0.23125 0.703125 0.25 0.7 0.2520833333333333 0.6953125 0.24791666666666667 0.69375 0.2125 0.696875 0.20208333333333334 0.7 0.2 0.703125 0.20208333333333334
3 0.7296875 0.3645833333333333 0.7359375 0.36041666666666666 0.74375 0.36041666666666666 0.7484375 0.36875 0.746875 0.37916666666666665 0.7484375 0.38125 0.7484375 0.4166666666666667 0.74375 0.425 0.740625 0.4395833333333333 0.7375 0.44375 0.73125 0.44375 0.7265625 0.4375 0.725 0.43125 0.7265625 0.3854166666666667 0.7296875 0.3770833333333333 0.7296875 0.36666666666666664
3 0.796875 0.43333333333333335 0.8015625 0.4354166666666667 0.8078125 0.44583333333333336 0.8078125 0.48333333333333334 0.80625 0.48541666666666666 0.803125 0.5208333333333334 0.8 0.525 0.796875 0.5416666666666666 0.7953125 0.54375 0.7921875 0.5416666666666666 0.7890625 0.5354166666666667 0.7796875 0.5041666666666667 0.7796875 0.46041666666666664 0.778125 0.4583333333333333 0.7796875 0.4375 0.7953125 0.4354166666666667
3 0.8640625 0.2604166666666667 0.8703125 0.2604166666666667 0.875 0.26458333333333334 0.875 0.2833333333333333 0.8765625 0.28541666666666665 0.8765625 0.3125 0.871875 0.32083333333333336 0.8640625 0.31875 0.8578125 0.30416666666666664 0.859375 0.26458333333333334 0.8640625 0.2625
3 0.7203125 0.24166666666666667 0.7234375 0.25 0.7234375 0.26458333333333334 0.721875 0.26666666666666666 0.7203125 0.2916666666666667 0.715625 0.3 0.7109375 0.29791666666666666 0.70625 0.2875 0.70625 0.2520833333333333 0.7078125 0.24583333333333332 0.7125 0.23958333333333334 0.71875 0.24166666666666667
3 0.8453125 0.23333333333333334 0.853125 0.24166666666666667 0.85625 0.2604166666666667 0.85625 0.28958333333333336 0.8421875 0.28958333333333336 0.8375 0.2875 0.8328125 0.2791666666666667 0.834375 0.24791666666666667 0.8375 0.23958333333333334 0.84375 0.23333333333333334
3 0.7296875 0.2125 0.7375 0.2125 0.740625 0.21875 0.740625 0.2625 0.7328125 0.26875 0.728125 0.26458333333333334 0.7265625 0.25625 0.7265625 0.22291666666666668 0.7296875 0.21458333333333332
3 0.8296875 0.2 0.8359375 0.2 0.8390625 0.20416666666666666 0.8390625 0.23125 0.8328125 0.24375 0.828125 0.24375 0.8234375 0.2375 0.8234375 0.21875 0.828125 0.21041666666666667 0.8296875 0.20208333333333334
3 0.9078125 0.625 0.9203125 0.6291666666666667 0.9234375 0.6333333333333333 0.9234375 0.6375 0.91875 0.64375 0.9203125 0.6770833333333334 0.915625 0.6958333333333333 0.9140625 0.75 0.9078125 0.76875 0.9 0.7666666666666667 0.8890625 0.7520833333333333 0.8859375 0.7333333333333333 0.8859375 0.7104166666666667 0.884375 0.7041666666666667 0.8765625 0.6958333333333333 0.871875 0.6770833333333334 0.871875 0.6583333333333333 0.8765625 0.65625 0.88125 0.65 0.8828125 0.64375 0.8859375 0.64375 0.8890625 0.6395833333333333 0.8921875 0.6291666666666667 0.8984375 0.625 0.90625 0.625
3 0.7734375 0.2 0.7765625 0.20833333333333334 0.7765625 0.225 0.7734375 0.24375 0.7703125 0.25 0.765625 0.24791666666666667 0.7609375 0.2375 0.759375 0.21875 0.7625 0.20208333333333334 0.771875 0.2
3 0.5609375 0.3770833333333333 0.5703125 0.3875 0.584375 0.3770833333333333 0.58125 0.39166666666666666 0.5796875 0.43333333333333335 0.5765625 0.44375 0.575 0.46458333333333335 0.5703125 0.4791666666666667 0.5640625 0.4875 0.5609375 0.4875 0.559375 0.48333333333333334 0.559375 0.47291666666666665 0.5546875 0.45 0.5546875 0.42083333333333334 0.5578125 0.4041666666666667 0.55625 0.37916666666666665 0.559375 0.3770833333333333
3 0.6359375 0.058333333333333334 0.6375 0.07083333333333333 0.6328125 0.08541666666666667 0.6296875 0.0875 0.628125 0.07083333333333333 0.63125 0.06041666666666667 0.634375 0.058333333333333334
3 0.8046875 0.6104166666666667 0.815625 0.6166666666666667 0.8296875 0.6166666666666667 0.8359375 0.6208333333333333 0.8421875 0.6333333333333333 0.840625 0.6395833333333333 0.840625 0.6854166666666667 0.8375 0.6958333333333333 0.8375 0.7333333333333333 0.828125 0.7458333333333333 0.8265625 0.7541666666666667 0.8234375 0.7583333333333333 0.8203125 0.7583333333333333 0.8171875 0.7541666666666667 0.815625 0.7208333333333333 0.8125 0.7145833333333333 0.8140625 0.7104166666666667 0.80625 0.6875 0.8046875 0.6666666666666666 0.803125 0.6645833333333333 0.803125 0.6625 0.8109375 0.6604166666666667 0.8140625 0.6479166666666667 0.8109375 0.6395833333333333 0.803125 0.6333333333333333 0.80625 0.6208333333333333 0.8046875 0.6125
3 0.7796875 0.3458333333333333 0.78125 0.34791666666666665 0.7875 0.3458333333333333 0.7984375 0.34791666666666665 0.8 0.35208333333333336 0.8 0.3875 0.7828125 0.40208333333333335 0.778125 0.41041666666666665 0.775 0.4041666666666667 0.775 0.38333333333333336 0.7765625 0.38125 0.775 0.34791666666666665 0.778125 0.3458333333333333
3 0.70234375 0.18125 0.0171875 0.0375
3 0.8203125 0.18541666666666667 0.8234375 0.1875 0.825 0.19375 0.825 0.21458333333333332 0.8203125 0.22916666666666666 0.8140625 0.225 0.809375 0.21458333333333332 0.8109375 0.21041666666666667 0.809375 0.20625 0.8140625 0.19375 0.8140625 0.1875 0.81875 0.18541666666666667