2 0.375 0.6140625 0.3796875 0.6109375 0.390625 0.6109375 0.4078125 0.615625 0.415625 0.6234375 0.4125 0.6484375 0.4140625 0.6578125 0.4125 0.6859375 0.3890625 0.7109375 0.3859375 0.7109375 0.36875 0.6953125 0.3625 0.678125 0.365625 0.675 0.3640625 0.6671875 0.3703125 0.6578125 0.3703125 0.65 0.375 0.634375 0.375 0.615625
2 0.771875 0.440625 0.778125 0.4453125 0.7796875 0.46875 0.7765625 0.4765625 0.771875 0.515625 0.76875 0.5203125 0.7640625 0.51875 0.7578125 0.5125 0.7546875 0.5046875 0.7546875 0.4734375 0.75625 0.471875 0.7546875 0.4453125 0.7703125 0.440625
2 0.021875 0.7109375 0.025 0.725 0.0234375 0.78125 0.021875 0.790625 0.0140625 0.796875 0.0109375 0.803125 0.0109375 0.809375 0.0015625 0.834375 0 0.834375 0 0.721875 0.0125 0.7203125 0.0203125 0.7125
2 0.2296875 0.253125 0.240625 0.2546875 0.2421875 0.2671875 0.2375 0.28125 0.2265625 0.2890625 0.2203125 0.2859375 0.2171875 0.278125 0.2171875 0.2578125 0.2203125 0.253125 0.228125 0.253125
2 0.175 0.734375 0.184375 0.7390625 0.196875 0.75 0.19375 0.7578125 0.19375 0.7828125 0.196875 0.7875 0.2046875 0.7921875 0.2046875 0.8 0.209375 0.809375 0.20625 0.8140625 0.2078125 0.8171875 0.20625 0.81875 0.20625 0.8359375 0.203125 0.8421875 0.1921875 0.853125 0.190625 0.859375 0.1703125 0.8640625 0.1640625 0.86875 0.1609375 0.865625 0.1578125 0.85 0.159375 0.803125 0.15625 0.775 0.159375 0.7484375 0.1625 0.7421875 0.16875 0.7359375 0.1734375 0.734375
2 0.7453125 0.2734375 0.7484375 0.278125 0.7484375 0.3 0.74375 0.315625 0.7375 0.3125 0.7296875 0.2953125 0.73125 0.278125 0.7375 0.271875 0.74375 0.2734375
2 0.5296875 0.28359375 0.021875 0.0453125
2 0.71328125 0.34296875 0.0234375 0.0578125
2 0.646875 0.15 0.65 0.1515625 0.6484375 0.171875 0.646875 0.1734375 0.64375 0.171875 0.6421875 0.1609375 0.6453125 0.1515625
1 0.45 0.1515625 0.465625 0.146875 0.4765625 0.146875 0.48125 0.15625 0.4828125 0.1796875 0.4765625 0.1828125 0.465625 0.1828125 0.4625 0.1703125 0.459375 0.175 0.4578125 0.184375 0.4453125 0.184375 0.44375 0.175 0.4515625 0.153125
1 0.04375 0.2625 0.05625 0.265625 0.071875 0.28125 0.078125 0.284375 0.08125 0.3078125 0.078125 0.31875 0.05625 0.3203125 0.05 0.3234375 0.0390625 0.3375 0.0234375 0.3296875 0 0.33125 0 0.271875 0.021875 0.2640625 0.0421875 0.2625