4 0.688734375 0.45289583333333333 0.13764062500000002 0.31677083333333333
2 0.8440468750000001 0.7195416666666666 0.14178125 0.3299583333333333
2 0.1945 0.8357916666666667 0.25328125 0.32839583333333333
4 0.8283125 0.44908333333333333 0.11128125 0.28347916666666667
2 0.644390625 0.7757916666666667 0.145953125 0.353
3 0.596578125 0.5452291666666667 0.029031249999999998 0.1063125
3 0.54909375 0.45418749999999997 0.026078125 0.09216666666666667
2 0.3215 0.5901666666666666 0.17403125 0.28831249999999997
2 0.440125 0.4751041666666667 0.126171875 0.24897916666666667
4 0.4046875 0.3145833333333333 0.409375 0.37916666666666665 0.425 0.35625 0.4625 0.35208333333333336 0.5 0.3729166666666667 0.5046875 0.38958333333333334 0.5390625 0.29375 0.5421875 0.23125 0.534375 0.21666666666666667 0.528125 0.16666666666666666 0.4859375 0.16041666666666668 0.4421875 0.16666666666666666 0.4234375 0.19375 0.421875 0.23333333333333334
4 0.625 0.1375 0.61875 0.14791666666666667 0.621875 0.2125 0.684375 0.2375 0.6921875 0.18125 0.6875 0.14583333333333334 0.6578125 0.11875 0.6421875 0.11875
2 0.5484375 0.16041666666666668 0.5515625 0.2 0.546875 0.23541666666666666 0.575 0.24375 0.5875 0.22083333333333333 0.58125 0.15833333333333333
2 0.5984375 0.3145833333333333 0.59375 0.3416666666666667 0.578125 0.3541666666666667 0.5765625 0.3645833333333333 0.5859375 0.38333333333333336 0.584375 0.4125 0.6015625 0.4479166666666667 0.615625 0.4583333333333333 0.625 0.4083333333333333 0.625 0.33541666666666664 0.6109375 0.3145833333333333 0.6109375 0.3020833333333333
2 0.8734375 0.35625 0.8703125 0.44166666666666665 0.8796875 0.5104166666666666 0.8890625 0.525 0.9 0.5229166666666667 0.9359375 0.5458333333333333 0.946875 0.49583333333333335 0.9375 0.44166666666666665 0.9421875 0.425 0.9109375 0.3645833333333333
0 0.46554687499999997 0.28500000000000003 0.1294375 0.23331249999999998