2 0.872796875 0.8317708333333333 0.161875 0.31052083333333336
4 0.6426875 0.3264791666666667 0.10603125 0.246125
2 0.510046875 0.24472916666666666 0.082828125 0.127375
2 0.46392187500000004 0.45658333333333334 0.11850000000000001 0.21572916666666667
2 0.38503125 0.15433333333333332 0.08367187499999999 0.12597916666666667
2 0.32309375 0.622 0.14934375 0.29841666666666666
2 0.6026875 0.466 0.097765625 0.200875
2 0.6638124999999999 0.6580416666666667 0.13079687499999998 0.308
2 0.37390625 0.079375 0.039468750000000004 0.05197916666666667
2 0.244296875 0.17854166666666668 0.08928125 0.10179166666666667
2 0.462296875 0.3201458333333333 0.08462499999999999 0.1218125
2 0.846484375 0.5791875 0.13184374999999998 0.19685416666666666
3 0.792 0.30924999999999997 0.02734375 0.06902083333333334