2 0.213625 0.8111875000000001 0.2481875 0.3776041666666667
2 0.5840156249999999 0.67725 0.13470312499999998 0.3844166666666667
4 0.633578125 0.4114791666666667 0.13093749999999998 0.35733333333333334
2 0.40703125 0.5478541666666668 0.139484375 0.2860416666666667
3 0.777625 0.3968541666666667 0.025203125 0.052875
2 0.3953125 0.3416666666666667 0.3921875 0.39791666666666664 0.4578125 0.40208333333333335 0.471875 0.4125 0.48125 0.4583333333333333 0.4875 0.4666666666666667 0.49375 0.4625 0.496875 0.40208333333333335 0.4875 0.3854166666666667 0.4921875 0.36875 0.48125 0.3229166666666667 0.4703125 0.30625 0.4109375 0.30625
4 0.428125 0.16041666666666668 0.425 0.24166666666666667 0.4203125 0.25625 0.4109375 0.25416666666666665 0.40625 0.2625 0.40625 0.28125 0.4203125 0.3 0.4546875 0.3 0.4859375 0.31666666666666665 0.4859375 0.3458333333333333 0.5046875 0.37083333333333335 0.51875 0.3541666666666667 0.5203125 0.325 0.534375 0.2833333333333333 0.540625 0.16041666666666668 0.51875 0.13541666666666666 0.4796875 0.12916666666666668 0.453125 0.13333333333333333
3 0.5390625 0.32083333333333336 0.534375 0.37916666666666665 0.5421875 0.3875 0.559375 0.375 0.5625 0.3145833333333333
3 0.5046875 0.48125 0.5125 0.49375 0.5125 0.5104166666666666 0.5 0.5875 0.51875 0.5895833333333333 0.546875 0.4875 0.5359375 0.4125 0.525 0.41875
3 0.4015625 0.7854166666666667 0.4 0.8166666666666667 0.409375 0.8854166666666666 0.41875 0.89375 0.4265625 0.86875 0.45 0.8395833333333333 0.446875 0.8041666666666667 0.440625 0.7958333333333333 0.4453125 0.7333333333333333 0.4390625 0.725 0.4265625 0.71875 0.4125 0.725 0.415625 0.7458333333333333
3 0.9203125 0.7479166666666667 0.925 0.7958333333333333 0.9125 0.9104166666666667 0.946875 0.9375 0.9515625 0.9520833333333333 0.9796875 0.9104166666666667 0.971875 0.81875 0.98125 0.80625 0.9796875 0.7791666666666667 0.984375 0.7708333333333334 0.9796875 0.76875 0.971875 0.7125 0.9625 0.6875 0.94375 0.6916666666666667
3 0.9 0.30625 0.896875 0.3375 0.9171875 0.3645833333333333 0.909375 0.30625
3 0.7859375 0.3375 0.7921875 0.38958333333333334 0.8046875 0.3958333333333333 0.8078125 0.3416666666666667 0.8 0.32916666666666666
3 0.8203125 0.2791666666666667 0.81875 0.3375 0.825 0.34791666666666665 0.834375 0.32916666666666666 0.8375 0.28541666666666665
3 0.75625 0.28958333333333336 0.7515625 0.3333333333333333 0.7546875 0.35 0.7640625 0.35833333333333334 0.778125 0.35 0.78125 0.31666666666666665 0.7734375 0.2875
3 0.76875 0.22083333333333333 0.7609375 0.25625 0.7671875 0.26666666666666666 0.7796875 0.26875 0.7765625 0.22083333333333333
3 0.78125 0.21458333333333332 0.778125 0.225 0.784375 0.2375 0.7875 0.225
3 0.8 0.18333333333333332 0.796875 0.19583333333333333 0.803125 0.20833333333333334 0.80625 0.18541666666666667
4 0.725 0.5833333333333334 0.7296875 0.6541666666666667 0.7234375 0.7041666666666667 0.728125 0.7104166666666667 0.7296875 0.8520833333333333 0.7375 0.9166666666666666 0.7421875 0.925 0.771875 0.91875 0.7875 0.93125 0.8625 0.9416666666666667 0.8875 0.9145833333333333 0.9 0.8416666666666667 0.9015625 0.8104166666666667 0.89375 0.7833333333333333 0.9015625 0.7479166666666667 0.896875 0.7354166666666667 0.90625 0.7229166666666667 0.9125 0.63125 0.925 0.5854166666666667 0.9109375 0.5208333333333334 0.8859375 0.47291666666666665 0.84375 0.43125 0.8359375 0.4395833333333333 0.8015625 0.425 0.7375 0.42083333333333334
2 0.828125 0.35208333333333336 0.825 0.39166666666666666 0.9 0.48333333333333334 0.90625 0.48333333333333334 0.9171875 0.3729166666666667 0.9078125 0.35208333333333336 0.8859375 0.3229166666666667 0.8515625 0.3125 0.8359375 0.32083333333333336 0.834375 0.3458333333333333
2 0.6984375 0.19583333333333333 0.7 0.25416666666666665 0.746875 0.27291666666666664 0.753125 0.25416666666666665 0.753125 0.21458333333333332 0.7359375 0.17083333333333334 0.709375 0.16666666666666666