4 0.60709375 0.6235625 0.205359375 0.7422916666666667
2 0.40284375 0.4655625 0.132296875 0.26241666666666663
3 0.832734375 0.5160208333333334 0.0231875 0.06839583333333334
3 0.89978125 0.6445833333333333 0.021921875 0.0663125
3 0.13974999999999999 0.6824375 0.03225 0.11989583333333333
3 0.8354374999999999 0.5862499999999999 0.021828125 0.0926875
3 0.10221875 0.9933958333333333 0.034687499999999996 0.012145833333333333
3 0.9442656250000001 0.8529583333333334 0.033671875000000004 0.13387500000000002
3 0.726125 0.45345833333333335 0.016125 0.05627083333333334
3 0.17976562499999998 0.2245 0.03603125 0.09660416666666666
3 0.773046875 0.4565 0.01471875 0.054125
3 0.12353125000000001 0.7695416666666667 0.024421875000000003 0.0703125
3 0.042484375000000005 0.8971458333333333 0.034187499999999996 0.11458333333333333
3 0.488765625 0.5742291666666667 0.022468750000000003 0.0625
3 0.749515625 0.5462291666666667 0.018562500000000003 0.03777083333333333
3 0.9467812500000001 0.5358125 0.022468750000000003 0.05339583333333333
2 0.8784218750000001 0.3242291666666667 0.057609375 0.13541666666666666
3 0.429203125 0.80925 0.03028125 0.08464583333333334
3 0.18848437499999998 0.7141875 0.037109375 0.10287500000000001
3 0.19921875 0.609375 0.021484375 0.049479166666666664
3 0.8569375000000001 0.8815208333333333 0.032234374999999996 0.078125
3 0.861328125 0.7740833333333333 0.037109375 0.09764583333333333
3 0.919921875 0.6712291666666667 0.015625 0.06902083333333334
3 0.723140625 0.7356874999999999 0.024421875000000003 0.09895833333333333
3 0.7998125 0.7122499999999999 0.025390625 0.0546875
3 0.733890625 0.90625 0.020515625000000003 0.09635416666666667