2 0.211328125 0.8142916666666667 0.22112500000000002 0.3714166666666667
2 0.752578125 0.40577083333333336 0.086265625 0.17320833333333333
2 0.42185937500000004 0.4644583333333333 0.11803125 0.24187499999999998
0 0.45040625 0.3076666666666667 0.10015624999999999 0.15625
4 0.61640625 0.4880833333333333 0.13971875 0.4106875
2 0.21534375 0.22735416666666666 0.08378125 0.10770833333333334
2 0.801765625 0.6323124999999999 0.126828125 0.2969583333333333
3 0.46378125 0.8321041666666668 0.0573125 0.15677083333333333
3 0.59375 0.15625 0.596875 0.1625 0.596875 0.17916666666666667 0.590625 0.19583333333333333 0.5828125 0.19583333333333333 0.5796875 0.1875 0.5796875 0.18125 0.58125 0.17916666666666667 0.58125 0.1625 0.584375 0.15833333333333333 0.5921875 0.15833333333333333
3 0.565625 0.15208333333333332 0.5671875 0.15416666666666667 0.5671875 0.17083333333333334 0.5640625 0.1875 0.5609375 0.19375 0.55625 0.19583333333333333 0.5515625 0.19166666666666668 0.55 0.18333333333333332 0.5515625 0.15833333333333333 0.55625 0.15208333333333332 0.5609375 0.15 0.5640625 0.15208333333333332
3 0.5453125 0.23125 0.553125 0.2375 0.559375 0.25833333333333336 0.5578125 0.26875 0.553125 0.28125 0.5484375 0.2875 0.5453125 0.3020833333333333 0.5421875 0.30625 0.5375 0.30625 0.5328125 0.29791666666666666 0.5328125 0.25833333333333336 0.5359375 0.24791666666666667 0.5359375 0.23958333333333334 0.540625 0.23333333333333334 0.54375 0.23333333333333334
3 0.209375 0.10208333333333333 0.2203125 0.1 0.2265625 0.11041666666666666 0.2296875 0.12291666666666666 0.2296875 0.13958333333333334 0.2265625 0.14375 0.2203125 0.14166666666666666 0.2140625 0.14583333333333334 0.203125 0.14583333333333334 0.2 0.1375 0.2 0.12916666666666668 0.203125 0.12291666666666666 0.2046875 0.1125 0.209375 0.10416666666666667
3 0.2625 0.59375 0.265625 0.5875 0.2859375 0.5875 0.2875 0.5916666666666667 0.3 0.59375 0.303125 0.5979166666666667 0.303125 0.6270833333333333 0.3046875 0.6291666666666667 0.303125 0.6375 0.265625 0.6291666666666667 0.2640625 0.6270833333333333 0.2640625 0.5958333333333333
3 0.49375 0.0020833333333333333 0.5 0.010416666666666666 0.5 0.029166666666666667 0.496875 0.03333333333333333 0.4875 0.029166666666666667 0.4859375 0.025 0.4875 0.008333333333333333 0.4921875 0.0020833333333333333
2 0.7796875 0.24166666666666667 0.7765625 0.3145833333333333 0.784375 0.3541666666666667 0.7921875 0.37083333333333335 0.8296875 0.38125 0.8453125 0.3104166666666667 0.8328125 0.3 0.8109375 0.24375
4 0.7125 0.14583333333333334 0.7046875 0.2 0.70625 0.2791666666666667 0.709375 0.2875 0.7625 0.29375 0.7703125 0.22083333333333333 0.7671875 0.15208333333333332 0.7484375 0.13125 0.7234375 0.13125
4 0.61875 0.14375 0.61875 0.19166666666666668 0.6640625 0.21666666666666667 0.671875 0.17291666666666666 0.671875 0.1125 0.665625 0.09791666666666667 0.634375 0.09375 0.625 0.10833333333333334
2 0.58125 0.2125 0.575 0.225 0.5765625 0.26875 0.6015625 0.2708333333333333 0.6078125 0.25625 0.6421875 0.24375 0.63125 0.2 0.596875 0.19375