2 0.6893906249999999 0.3756875 0.073140625 0.17279166666666665
2 0.61496875 0.47433333333333333 0.09343749999999999 0.21212499999999998
2 0.823453125 0.5191041666666666 0.124734375 0.32825
2 0.45884375000000005 0.31016666666666665 0.07223437499999999 0.14445833333333333
2 0.66525 0.2490625 0.06421875 0.11666666666666667
3 0.7016875 0.5574791666666666 0.035875000000000004 0.09122916666666667
3 0.440515625 0.6783750000000001 0.037015625 0.14210416666666664
2 0.767765625 0.27427083333333335 0.063796875 0.1010625
0 0.355171875 0.464 0.166296875 0.33975000000000005
3 0.9063437499999999 0.6445416666666667 0.028718749999999998 0.08560416666666668
2 0.77846875 0.16383333333333333 0.036640624999999996 0.0785
3 0.976796875 0.8905416666666667 0.046406249999999996 0.1086875
3 0.48903125000000003 0.4540416666666667 0.025656250000000002 0.083375
3 0.244140625 0.8756458333333333 0.052734375 0.1575625
2 0.559078125 0.8613333333333333 0.14356249999999998 0.2773541666666667
2 0.8545 0.847 0.177734375 0.306
3 0.9604531250000001 0.7317708333333334 0.032234374999999996 0.09635416666666667
3 0.8881875000000001 0.5306041666666667 0.018546874999999997 0.0611875
2 0.83496875 0.2682291666666667 0.06640625 0.13020833333333334
3 0.541015625 0.3567708333333333 0.01953125 0.052083333333333336
3 0.51465625 0.47460416666666666 0.03125 0.09506250000000001
3 0.57665625 0.28125 0.022468750000000003 0.0546875
3 0.710453125 0.26497916666666665 0.03028125 0.0481875
2 0.49903125 0.2265625 0.060546875 0.1015625
2 0.563484375 0.1608125 0.05078125 0.08202083333333333