2 0.6619843750000001 0.23466666666666666 0.059171875 0.10535416666666667
3 0.752921875 0.47868750000000004 0.031796875 0.07652083333333333
4 0.52478125 0.21220833333333333 0.080296875 0.16285416666666666
3 0.52553125 0.6280833333333333 0.03303125 0.12218749999999999
2 0.6609375 0.383125 0.08060937500000001 0.22141666666666668
3 0.584171875 0.7756875 0.03778125 0.1595
3 0.7705625 0.6745625000000001 0.043687500000000004 0.1415625
3 0.866 0.5271666666666667 0.027000000000000003 0.10077083333333332
3 0.78575 0.4080416666666667 0.022218750000000002 0.09602083333333335
3 0.847140625 0.3402291666666667 0.012609375 0.062875
3 0.902390625 0.70125 0.039953125 0.12739583333333332
3 0.824578125 0.5345208333333333 0.02703125 0.10693749999999999
3 0.787546875 0.2309375 0.019640625000000002 0.0700625
0 0.30615625 0.5214791666666667 0.25096875 0.6601458333333333
3 0.380375 0.9049583333333333 0.036140624999999996 0.09114583333333333
3 0.452640625 0.699875 0.041999999999999996 0.13672916666666665
3 0.50390625 0.5130208333333334 0.013671875 0.06770833333333333
3 0.5600625 0.5325624999999999 0.018562500000000003 0.06510416666666667
3 0.5835 0.4544375 0.016609375000000003 0.0703125
3 0.8120156250000001 0.46158333333333335 0.016609375000000003 0.06641666666666667
3 0.73340625 0.4296875 0.017578125 0.049479166666666664
3 0.601078125 0.2617291666666667 0.022468750000000003 0.046875
3 0.5131875 0.3737083333333333 0.022468750000000003 0.03125
3 0.869140625 0.45637500000000003 0.021484375 0.03777083333333333
3 0.9292031250000001 0.5403749999999999 0.028328125 0.0546875
3 0.85546875 0.7233125 0.0390625 0.07943750000000001
3 0.9575156249999999 0.9036458333333334 0.051765625 0.11979166666666667
3 0.8598593749999999 0.8522083333333333 0.018562500000000003 0.06120833333333333
3 0.77978125 0.9746041666666667 0.05371875 0.050791666666666666
3 0.672859375 0.9537708333333333 0.06640625 0.07683333333333334