2 0.395734375 0.3952708333333333 0.11709375 0.19783333333333333
4 0.734703125 0.5007708333333334 0.148703125 0.3841458333333333
2 0.25915625000000003 0.6720208333333333 0.20426562499999998 0.39925
3 0.49009375000000005 0.5051666666666667 0.0211875 0.08252083333333333
3 0.49715625 0.6516041666666667 0.041359375 0.12512500000000001
3 0.839265625 0.483375 0.018640625 0.0911875
3 0.4175625 0.6862916666666667 0.038625 0.1198125
3 0.8456718750000001 0.47927083333333337 0.0165 0.08958333333333333
2 0.5351250000000001 0.19677083333333334 0.069984375 0.17216666666666666
3 0.45298437500000005 0.8850208333333334 0.059312500000000004 0.14872916666666666
2 0.5953125 0.35520833333333335 0.584375 0.3958333333333333 0.584375 0.44166666666666665 0.6671875 0.45416666666666666 0.6765625 0.3645833333333333 0.6765625 0.3333333333333333 0.66875 0.30416666666666664 0.653125 0.29375 0.6078125 0.28541666666666665
2 0.603125 0.25833333333333336 0.603125 0.2833333333333333 0.6421875 0.28958333333333336 0.6671875 0.2833333333333333 0.6609375 0.225 0.6234375 0.19791666666666666 0.6125 0.20208333333333334
2 0.6953125 0.23958333333333334 0.6921875 0.2520833333333333 0.7015625 0.32083333333333336 0.734375 0.3104166666666667 0.7390625 0.29791666666666666 0.765625 0.28125 0.75 0.21666666666666667 0.7109375 0.21458333333333332
4 0.621875 0.15208333333333332 0.6203125 0.18958333333333333 0.6390625 0.19791666666666666 0.6609375 0.225 0.684375 0.21666666666666667 0.6859375 0.1625 0.665625 0.125 0.653125 0.12291666666666666
2 0.8453125 0.6708333333333333 0.8484375 0.725 0.8640625 0.7520833333333333 0.8578125 0.8020833333333334 0.8609375 0.8395833333333333 0.86875 0.8520833333333333 0.9046875 0.8458333333333333 0.9125 0.8916666666666667 0.9390625 0.9520833333333333 0.9453125 0.9958333333333333 0.9984375 0.9979166666666667 0.9984375 0.65 0.9421875 0.6458333333333334 0.92421875 0.6604166666666667 0.89375 0.6541666666666667 0.8625 0.6604166666666667 0.85625 0.6416666666666667
3 0.8578125 0.6125 0.8515625 0.6604166666666667 0.8796875 0.6645833333333333 0.8984375 0.65 0.896875 0.6208333333333333 0.88125 0.5958333333333333 0.8859375 0.5729166666666666 0.8625 0.5958333333333333
3 0.903125 0.5479166666666667 0.9015625 0.6 0.9078125 0.6395833333333333 0.91875 0.65 0.925 0.64375 0.9234375 0.6125 0.934375 0.5729166666666666 0.928125 0.5270833333333333 0.9140625 0.5208333333333334
3 0.94375 0.58125 0.9453125 0.6395833333333333 0.9640625 0.64375 0.965625 0.5875 0.95625 0.5770833333333333
3 0.8974609375 0.4375 0.8796875 0.48125 0.8828125 0.4875 0.8953125 0.48333333333333334 0.9 0.5041666666666667 0.9078125 0.5083333333333333 0.9140625 0.5020833333333333 0.921875 0.45208333333333334 0.9203125 0.41041666666666665 0.9140625 0.3958333333333333 0.9046875 0.39375