2 0.62409375 0.6991666666666667 0.150890625 0.3565
4 0.639171875 0.32529166666666665 0.128609375 0.4156666666666667
2 0.572828125 0.9204791666666666 0.195953125 0.15083333333333335
2 0.86340625 0.8640833333333333 0.167453125 0.2718541666666667
2 0.7671875 0.625 0.765625 0.6583333333333333 0.775 0.68125 0.778125 0.74375 0.784375 0.7583333333333333 0.815625 0.7020833333333333 0.86875 0.7 0.909375 0.725 0.909375 0.6916666666666667 0.9 0.6520833333333333 0.909375 0.64375 0.9109375 0.6291666666666667 0.896875 0.61875 0.8796875 0.5458333333333333 0.865625 0.5208333333333334 0.8265625 0.5083333333333333 0.7984375 0.5125 0.7796875 0.55
2 0.728125 0.43333333333333335 0.7265625 0.5083333333333333 0.7328125 0.55625 0.7453125 0.5770833333333333 0.76875 0.5770833333333333 0.796875 0.5104166666666666 0.828125 0.5041666666666667 0.8328125 0.47708333333333336 0.81875 0.44375 0.8109375 0.39791666666666664 0.7890625 0.3770833333333333 0.7484375 0.36875 0.7328125 0.40208333333333335
2 0.834375 0.35 0.8328125 0.3958333333333333 0.8484375 0.4395833333333333 0.8875 0.45416666666666666 0.9078125 0.45416666666666666 0.9171875 0.44375 0.903125 0.3375 0.8890625 0.3145833333333333 0.85 0.3125
2 0.7296875 0.35208333333333336 0.728125 0.4270833333333333 0.7609375 0.36875 0.8046875 0.38333333333333336 0.8015625 0.325 0.784375 0.30625 0.7484375 0.3020833333333333 0.7375 0.3104166666666667
2 0.7125 0.25 0.715625 0.2625 0.709375 0.28958333333333336 0.715625 0.3645833333333333 0.7203125 0.36875 0.728125 0.3645833333333333 0.7375 0.3104166666666667 0.7546875 0.3 0.7859375 0.30625 0.7875 0.29791666666666666 0.76875 0.23958333333333334 0.73125 0.23125
2 0.3984375 0.2708333333333333 0.3890625 0.2875 0.4078125 0.29583333333333334 0.41875 0.32708333333333334 0.415625 0.4270833333333333 0.4234375 0.5125 0.428125 0.5145833333333333 0.44375 0.46875 0.459375 0.45 0.46875 0.4083333333333333 0.4625 0.3854166666666667 0.4703125 0.3645833333333333 0.4703125 0.33541666666666664 0.45625 0.2791666666666667
0 0.4234375 0.21666666666666667 0.4078125 0.26666666666666666 0.4546875 0.27708333333333335 0.4609375 0.28541666666666665 0.46875 0.35625 0.465625 0.41458333333333336 0.4796875 0.4166666666666667 0.5046875 0.33541666666666664 0.503125 0.20208333333333334 0.496875 0.19375 0.45 0.1875
0 0.490625 0.16666666666666666 0.490625 0.18958333333333333 0.5078125 0.22291666666666668 0.509375 0.3145833333333333 0.5390625 0.33125 0.559375 0.27291666666666664 0.5546875 0.16458333333333333 0.5390625 0.13958333333333334 0.53125 0.13958333333333334
2 0.925 0.6583333333333333 0.9234375 0.7354166666666667 0.9453125 0.8166666666666667 0.9546875 0.8375 0.9921875 0.8208333333333333 0.9984375 0.8125 0.9984375 0.5291666666666667 0.9625 0.5270833333333333 0.953125 0.5333333333333333 0.934375 0.5979166666666667
4 0.7796875 0.13541666666666666 0.778125 0.21666666666666667 0.784375 0.24791666666666667 0.80625 0.28958333333333336 0.8375 0.2791666666666667 0.846875 0.25416666666666665 0.840625 0.16041666666666668 0.8328125 0.14791666666666667 0.809375 0.13541666666666666