4 0.40703125 0.384875 0.1811875 0.37233333333333335
2 0.8151718750000001 0.7877708333333333 0.12765625 0.3456458333333333
2 0.17085937499999998 0.8318125 0.2461875 0.32975
2 0.305453125 0.6473541666666667 0.158984375 0.35743749999999996
3 0.5131875 0.42720833333333336 0.02271875 0.07831250000000001
3 0.8821562500000001 0.6186666666666666 0.032296875 0.10302083333333334
3 0.86725 0.5131666666666667 0.015296874999999998 0.079625
4 0.667734375 0.21527083333333333 0.102859375 0.21339583333333334
4 0.599609375 0.7022499999999999 0.16015625 0.484375
3 0.466140625 0.5685833333333333 0.028640624999999996 0.1024375
2 0.737625 0.5112916666666666 0.07421875 0.21354166666666666