0 0.09135937499999999 0.15054166666666668 0.17935937500000002 0.21864583333333334
4 0.6555 0.32879166666666665 0.12567187500000002 0.3719166666666667
2 0.80153125 0.460625 0.09340625 0.17752083333333332
3 0.5445625 0.6299583333333333 0.032453125 0.12164583333333333
2 0.743140625 0.14483333333333331 0.072203125 0.14985416666666668
4 0.5419375 0.1655 0.0853125 0.1855625
2 0.40128125 0.3884166666666667 0.12684375 0.22949999999999998
2 0.373265625 0.7105833333333333 0.18403125 0.3841041666666667
3 0.64178125 0.8753333333333334 0.082171875 0.17504166666666665
3 0.8651562500000001 0.8502500000000001 0.06365625 0.16654166666666667
3 0.817421875 0.6931666666666667 0.04109375 0.11627083333333334
3 0.9288125 0.7780625000000001 0.045140625000000004 0.1379375
3 0.9172499999999999 0.5708333333333333 0.035875000000000004 0.10770833333333334
3 0.844328125 0.6113541666666666 0.042828125 0.073
3 0.8032343750000001 0.36666666666666664 0.03703125 0.055875
3 0.50896875 0.46779166666666666 0.028359375 0.0914375
3 0.498546875 0.36358333333333337 0.028359375 0.0775
3 0.567125 0.3612708333333333 0.016203125 0.06360416666666667