2 0.593515625 0.09135416666666667 0.04534375 0.06860416666666666
4 0.65525 0.5141666666666667 0.203703125 0.7301666666666667
2 0.26696875000000003 0.8210208333333333 0.220609375 0.3579375
3 0.8990625 0.7143125 0.047140625000000005 0.11341666666666667
3 0.5296875 0.42291666666666666 0.5453125 0.4354166666666667 0.55 0.4354166666666667 0.553125 0.44166666666666665 0.553125 0.4625 0.55 0.4791666666666667 0.5453125 0.49166666666666664 0.54375 0.53125 0.5390625 0.5416666666666666 0.53125 0.5416666666666666 0.528125 0.5375 0.525 0.5 0.5234375 0.4979166666666667 0.5234375 0.4708333333333333 0.525 0.46875 0.5265625 0.44375 0.521875 0.4375 0.525 0.4270833333333333 0.51875 0.4166666666666667 0.521875 0.41458333333333336 0.528125 0.42291666666666666
3 0.4734375 0.6895833333333333 0.4875 0.70625 0.484375 0.75 0.4875 0.7520833333333333 0.490625 0.7604166666666666 0.490625 0.76875 0.4859375 0.7666666666666667 0.4828125 0.7708333333333334 0.484375 0.775 0.4828125 0.7770833333333333 0.48125 0.8104166666666667 0.4671875 0.8270833333333333 0.4609375 0.8395833333333333 0.459375 0.8520833333333333 0.45625 0.85625 0.4515625 0.8520833333333333 0.45 0.84375 0.4515625 0.8416666666666667 0.446875 0.8291666666666667 0.446875 0.8166666666666667 0.4421875 0.8104166666666667 0.446875 0.8041666666666667 0.4453125 0.7958333333333333 0.4421875 0.7916666666666666 0.4390625 0.7916666666666666 0.4390625 0.7854166666666667 0.4453125 0.7791666666666667 0.44375 0.7645833333333333 0.440625 0.7604166666666666 0.4421875 0.7395833333333334 0.44375 0.7375 0.4421875 0.73125 0.4421875 0.7 0.45 0.6916666666666667 0.459375 0.6875 0.4703125 0.6875 0.471875 0.6895833333333333
3 0.934375 0.3854166666666667 0.9375 0.39166666666666666 0.9375 0.40208333333333335 0.9421875 0.425 0.9390625 0.4395833333333333 0.9375 0.46875 0.9359375 0.47291666666666665 0.928125 0.4791666666666667 0.9234375 0.475 0.9171875 0.46041666666666664 0.915625 0.42291666666666666 0.921875 0.38958333333333334 0.925 0.3854166666666667 0.9328125 0.3854166666666667
3 0.784375 0.22916666666666666 0.7890625 0.22916666666666666 0.7953125 0.23333333333333334 0.7984375 0.24166666666666667 0.796875 0.2708333333333333 0.7921875 0.28125 0.7859375 0.28125 0.7828125 0.26666666666666666 0.7828125 0.23333333333333334 0.784375 0.23125
3 0.9609375 0.9229166666666667 0.96875 0.9354166666666667 0.96875 0.95 0.971875 0.9666666666666667 0.971875 0.9875 0.9671875 0.9979166666666667 0.91875 0.9979166666666667 0.91875 0.9875 0.921875 0.9729166666666667 0.9421875 0.9541666666666667 0.9484375 0.9270833333333334 0.95625 0.9208333333333333 0.959375 0.9229166666666667
3 0.9046875 0.3854166666666667 0.896875 0.3770833333333333 0.890625 0.38333333333333336 0.8859375 0.38333333333333336 0.8796875 0.37916666666666665 0.8765625 0.375 0.875 0.3541666666666667 0.8734375 0.35208333333333336 0.875 0.3229166666666667 0.8796875 0.31666666666666665 0.884375 0.31666666666666665 0.8890625 0.3125 0.896875 0.3125 0.896875 0.3229166666666667 0.90625 0.375 0.9046875 0.38333333333333336
3 0.8890625 0.7541666666666667 0.8890625 0.7583333333333333 0.8953125 0.7645833333333333 0.921875 0.7666666666666667 0.921875 0.7791666666666667 0.9171875 0.7958333333333333 0.915625 0.8270833333333333 0.9109375 0.8416666666666667 0.9078125 0.8458333333333333 0.903125 0.8458333333333333 0.9 0.84375 0.8890625 0.8083333333333333 0.88125 0.7979166666666667 0.8828125 0.79375 0.88125 0.7833333333333333 0.875 0.775 0.8890625 0.75625
3 0.51875 0.10208333333333333 0.5203125 0.125 0.51875 0.12708333333333333 0.5125 0.125 0.5140625 0.10833333333333334 0.5171875 0.10416666666666667
3 0.925 0.5458333333333333 0.9390625 0.55 0.9484375 0.55 0.9546875 0.5458333333333333 0.953125 0.5583333333333333 0.9484375 0.5666666666666667 0.9484375 0.5916666666666667 0.9390625 0.63125 0.9375 0.65625 0.934375 0.6666666666666666 0.9296875 0.6729166666666667 0.9265625 0.6708333333333333 0.925 0.6645833333333333 0.9265625 0.6583333333333333 0.91875 0.6354166666666666 0.91875 0.6166666666666667 0.9203125 0.6125 0.9171875 0.6 0.9125 0.59375 0.9140625 0.5916666666666667 0.9125 0.5895833333333333 0.9140625 0.5541666666666667 0.91875 0.5458333333333333 0.9234375 0.5458333333333333
3 0.4328125 0.20416666666666666 0.4421875 0.21875 0.44375 0.225 0.4453125 0.25416666666666665 0.4421875 0.25625 0.4296875 0.25416666666666665 0.4265625 0.25 0.4265625 0.23333333333333334 0.428125 0.23125 0.4265625 0.2125 0.428125 0.20625 0.43125 0.20416666666666666
4 0.2234375 0.6020833333333333 0.221875 0.6541666666666667 0.2265625 0.675 0.234375 0.6791666666666667 0.2484375 0.6791666666666667 0.2671875 0.65 0.3609375 0.6625 0.3890625 0.6 0.403125 0.60625 0.409375 0.65625 0.41875 0.675 0.4421875 0.6375 0.471875 0.5354166666666667 0.4953125 0.48333333333333334 0.496875 0.42916666666666664 0.51875 0.37083333333333335 0.5234375 0.33958333333333335 0.525 0.30416666666666664 0.5125 0.26458333333333334 0.3921875 0.25 0.346875 0.3020833333333333 0.2640625 0.28958333333333336 0.24375 0.3958333333333333 0.234375 0.40208333333333335 0.2390625 0.42291666666666666 0.23125 0.4583333333333333
3 0.4578125 0.20208333333333334 0.4515625 0.21666666666666667 0.45625 0.25625 0.51875 0.2708333333333333 0.525 0.29583333333333334 0.534375 0.24166666666666667 0.53125 0.18541666666666667 0.51875 0.17708333333333334 0.4765625 0.175