4 0.68665625 0.450125 0.134875 0.32175
2 0.200734375 0.8361249999999999 0.246640625 0.32777083333333334
2 0.33446875 0.6135208333333334 0.17215625 0.32925
2 0.64675 0.7688124999999999 0.149703125 0.36695833333333333
2 0.378125 0.4375 0.378125 0.44583333333333336 0.403125 0.4625 0.4171875 0.50625 0.4203125 0.59375 0.4765625 0.6104166666666667 0.4921875 0.5395833333333333 0.5046875 0.5270833333333333 0.509375 0.48333333333333334 0.509375 0.4270833333333333 0.496875 0.3645833333333333 0.4609375 0.35625 0.4328125 0.36041666666666666 0.4078125 0.39375 0.39375 0.4354166666666667
2 0.5859375 0.3770833333333333 0.58125 0.46875 0.5890625 0.4875 0.6015625 0.4895833333333333 0.6125 0.48333333333333334 0.61875 0.45416666666666666 0.6265625 0.35625 0.6265625 0.3333333333333333 0.6203125 0.3229166666666667 0.603125 0.32083333333333336
2 0.834375 0.3333333333333333 0.8234375 0.34791666666666665 0.8234375 0.39375 0.83125 0.41041666666666665 0.8421875 0.41041666666666665 0.8515625 0.38958333333333334 0.8484375 0.34375
2 0.828125 0.24166666666666667 0.8265625 0.29791666666666666 0.8453125 0.28125 0.8390625 0.2375 0.8328125 0.23333333333333334
2 0.5765625 0.28958333333333336 0.5765625 0.34791666666666665 0.584375 0.35833333333333334 0.5953125 0.3125 0.5875 0.2875
4 0.4234375 0.19583333333333333 0.4125 0.29375 0.39375 0.30416666666666664 0.4125 0.3625 0.421875 0.36666666666666664 0.425 0.35625 0.4421875 0.35 0.4890625 0.35625 0.5078125 0.39375 0.5328125 0.3145833333333333 0.534375 0.2375 0.540625 0.23333333333333334 0.528125 0.17291666666666666 0.5078125 0.1625 0.4515625 0.16041666666666668
4 0.6171875 0.14583333333333334 0.6125 0.20208333333333334 0.61875 0.21875 0.6859375 0.2375 0.69375 0.175 0.6890625 0.14375 0.6609375 0.12083333333333333 0.6453125 0.12083333333333333
2 0.55 0.15625 0.54375 0.16041666666666668 0.553125 0.1875 0.55 0.23333333333333334 0.55625 0.24166666666666667 0.5828125 0.24166666666666667 0.5890625 0.20625 0.5859375 0.15416666666666667