2 0.75340625 0.2879375 0.066625 0.14583333333333334
2 0.640171875 0.7422916666666667 0.140578125 0.4475
0 0.52778125 0.22052083333333333 0.097828125 0.18472916666666667
2 0.662125 0.47068750000000004 0.100765625 0.13985416666666667
3 0.921734375 0.4351041666666667 0.025671875 0.065
4 0.391078125 0.48402083333333334 0.22745312499999998 0.6300625
3 0.575375 0.4075625 0.018453125 0.050895833333333335
3 0.937625 0.6175416666666667 0.032671875 0.12047916666666666
3 0.442890625 0.9088125 0.06828125 0.16366666666666668
3 0.5265625 0.61875 0.5125 0.7041666666666667 0.525 0.7479166666666667 0.5375 0.75625 0.5609375 0.68125 0.559375 0.6208333333333333 0.565625 0.6083333333333333 0.5359375 0.6083333333333333
4 0.746875 0.41041666666666665 0.7484375 0.54375 0.759375 0.6 0.771875 0.6145833333333334 0.7890625 0.4583333333333333 0.80625 0.45416666666666666 0.8234375 0.4625 0.865625 0.46458333333333335 0.865625 0.44583333333333336 0.859375 0.40625 0.8296875 0.39375 0.825 0.38125 0.7546875 0.375
2 0.815625 0.26875 0.8125 0.3375 0.8546875 0.35833333333333334 0.871875 0.34791666666666665 0.8875 0.30416666666666664 0.8671875 0.25625 0.853125 0.24375 0.825 0.24166666666666667
2 0.7375 0.17083333333333334 0.7359375 0.2125 0.7890625 0.22291666666666668 0.790625 0.19375 0.7765625 0.16041666666666668 0.7515625 0.15416666666666667
3 0.5546875 0.48125 0.5515625 0.5104166666666666 0.571875 0.575 0.5859375 0.5541666666666667 0.5828125 0.47708333333333336 0.578125 0.4708333333333333
3 0.5796875 0.27291666666666664 0.5828125 0.3145833333333333 0.59375 0.3229166666666667 0.5984375 0.26875 0.590625 0.26458333333333334
2 0.6328125 0.2791666666666667 0.63125 0.3229166666666667 0.671875 0.33125 0.6875 0.34375 0.684375 0.37083333333333335 0.696875 0.3875 0.7015625 0.29583333333333334 0.6921875 0.2375 0.6796875 0.22916666666666666 0.6453125 0.22916666666666666
2 0.6 0.38333333333333336 0.596875 0.4666666666666667 0.6046875 0.47708333333333336 0.6328125 0.39791666666666664 0.653125 0.39375 0.6953125 0.40208333333333335 0.696875 0.3958333333333333 0.6875 0.35833333333333334 0.6921875 0.35833333333333334 0.690625 0.3458333333333333 0.640625 0.32708333333333334 0.621875 0.32708333333333334
4 0.6296875 0.16041666666666668 0.6234375 0.23333333333333334 0.6328125 0.26666666666666666 0.65 0.225 0.696875 0.23333333333333334 0.7046875 0.19375 0.6984375 0.16666666666666666 0.6546875 0.15625
2 0.7765625 0.6145833333333334 0.784375 0.7 0.775 0.7145833333333333 0.775 0.7333333333333333 0.7828125 0.7458333333333333 0.790625 0.7875 0.7890625 0.8354166666666667 0.7953125 0.8666666666666667 0.915625 0.8875 0.9234375 0.8416666666666667 0.928125 0.70625 0.9203125 0.61875 0.921875 0.5416666666666666 0.9015625 0.48333333333333334 0.878125 0.4708333333333333 0.7921875 0.46041666666666664