2 0.265171875 0.7557916666666666 0.196546875 0.4532291666666667
2 0.6075 0.38604166666666667 0.10321875 0.1859375
2 0.908328125 0.42266666666666663 0.087890625 0.18204166666666666
2 0.837015625 0.5950416666666667 0.116453125 0.2938125
3 0.718796875 0.6764583333333333 0.0333125 0.10879166666666666
3 0.46712499999999996 0.3429375 0.020265625000000002 0.07910416666666667
2 0.58465625 0.64225 0.129734375 0.32841666666666663
3 0.708984375 0.9283958333333333 0.041015625 0.11197916666666667
3 0.9765625 0.8118541666666667 0.0390625 0.14975
3 0.961921875 0.671875 0.017578125 0.0859375
3 0.774421875 0.39908333333333335 0.021484375 0.056
3 0.796875 0.36002083333333335 0.01953125 0.04558333333333333
3 0.7529375 0.2233125 0.01171875 0.040375
4 0.8120156250000001 0.2076875 0.06934375000000001 0.165375
4 0.650875 0.2265625 0.07909374999999999 0.20572916666666666
2 0.555671875 0.16797916666666665 0.0546875 0.09114583333333333