2 0.46065625 0.35922916666666665 0.100765625 0.19664583333333333
4 0.68415625 0.39625 0.129125 0.33729166666666666
2 0.125265625 0.8435416666666666 0.25053125 0.3057916666666667
2 0.522484375 0.21027083333333335 0.068125 0.14404166666666668
2 0.940203125 0.6274791666666667 0.10723437499999999 0.39647916666666666
3 0.55059375 0.558375 0.020265625000000002 0.07831250000000001
2 0.333234375 0.5325624999999999 0.151921875 0.38979166666666665
3 0.36117187500000003 0.9333125 0.054906250000000004 0.12883333333333333
3 0.44976562500000006 0.7429583333333334 0.050093750000000006 0.14737499999999998
2 0.8380000000000001 0.3582916666666666 0.080796875 0.19145833333333334
3 0.543046875 0.6591041666666667 0.034328125 0.11325
3 0.598953125 0.7829791666666667 0.049484375000000004 0.13193749999999999
3 0.486328125 0.9435833333333333 0.02734375 0.109375
3 0.6640625 0.8958333333333334 0.049484375000000004 0.15277083333333333
3 0.8125 0.7708333333333334 0.046875 0.14583333333333334
3 0.8040312500000001 0.6319374999999999 0.032546874999999996 0.09375
3 0.8645781250000001 0.9383750000000001 0.0703125 0.12327083333333334