4 0.344109375 0.5192708333333333 0.26101562500000003 0.6237916666666667
4 0.665453125 0.292375 0.114203125 0.3052708333333333
2 0.7956875 0.5452916666666667 0.11409375 0.2613958333333333
3 0.974984375 0.6966666666666667 0.048609374999999996 0.13383333333333333
2 0.613875 0.7489583333333333 0.14646874999999998 0.3716458333333333
3 0.547859375 0.4257916666666667 0.0234375 0.08072916666666667
3 0.480953125 0.6451875 0.032234374999999996 0.08725000000000001
3 0.403328125 0.8789166666666667 0.0390625 0.1171875
3 0.9457968749999999 0.5664166666666667 0.01075 0.07552083333333333
3 0.8139687500000001 0.26887500000000003 0.020515625000000003 0.05339583333333333
3 0.748046875 0.171875 0.01171875 0.0390625
3 0.738765625 0.20183333333333334 0.012703125000000001 0.028645833333333332
2 0.79834375 0.8372499999999999 0.12989062499999998 0.2890625
0 0.4868125 0.3723958333333333 0.06348437500000001 0.2578125
2 0.644046875 0.5136666666666667 0.08106250000000001 0.17839583333333334