2 0.79871875 0.45345833333333335 0.095796875 0.21275000000000002
2 0.8670625 0.7327083333333333 0.14003125 0.34608333333333335
4 0.337359375 0.44470833333333337 0.182390625 0.35243749999999996
4 0.56875 0.4791666666666667 0.5359375 0.6479166666666667 0.5375 0.675 0.521875 0.7020833333333333 0.5328125 0.86875 0.5484375 0.8666666666666667 0.603125 0.8854166666666666 0.625 0.8833333333333333 0.65 0.9020833333333333 0.65 0.9104166666666667 0.66875 0.9145833333333333 0.6953125 0.8541666666666666 0.7046875 0.7833333333333333 0.7078125 0.5583333333333333 0.703125 0.43333333333333335 0.690625 0.42291666666666666 0.5890625 0.4083333333333333
2 0.175 0.8083333333333333 0.175 0.925 0.184375 0.9229166666666667 0.1984375 0.8895833333333333 0.2125 0.8833333333333333 0.2265625 0.9041666666666667 0.278125 0.9166666666666666 0.290625 0.9385416666666667 0.2921875 0.9583333333333334 0.3125 0.9625 0.321875 0.9395833333333333 0.3296875 0.84375 0.3546875 0.8395833333333333 0.3640625 0.8229166666666666 0.371875 0.6458333333333334 0.3609375 0.6083333333333333 0.359375 0.5770833333333333 0.2921875 0.5541666666666667 0.2578125 0.56875 0.2234375 0.6270833333333333
2 0.434375 0.325 0.425 0.49166666666666664 0.4484375 0.49583333333333335 0.46875 0.4354166666666667 0.4703125 0.36666666666666664 0.45625 0.3229166666666667 0.4375 0.31666666666666665
2 0.4234375 0.20833333333333334 0.41875 0.2791666666666667 0.4296875 0.2833333333333333 0.4390625 0.3125 0.45625 0.32083333333333336 0.46875 0.35 0.4734375 0.4 0.48125 0.40208333333333335 0.4890625 0.39375 0.4984375 0.35625 0.50625 0.21041666666666667 0.4984375 0.19375 0.45625 0.18541666666666667 0.4390625 0.18541666666666667
2 0.709375 0.20833333333333334 0.7125 0.23333333333333334 0.7078125 0.25416666666666665 0.715625 0.26875 0.728125 0.26666666666666666 0.734375 0.21875 0.7625 0.2125 0.7546875 0.18958333333333333 0.7390625 0.18541666666666667 0.7203125 0.1875
2 0.7359375 0.28958333333333336 0.7265625 0.325 0.7265625 0.3541666666666667 0.7359375 0.38125 0.7578125 0.35 0.8078125 0.34375 0.796875 0.28541666666666665 0.790625 0.2791666666666667 0.751953125 0.2630208333333333
2 0.8078125 0.24375 0.815625 0.3104166666666667 0.821875 0.30625 0.84375 0.32083333333333336 0.86875 0.3104166666666667 0.8625 0.2625 0.8453125 0.22083333333333333 0.821875 0.21458333333333332
2 0.7328125 0.22708333333333333 0.7328125 0.28958333333333336 0.7421875 0.27291666666666664 0.7609375 0.26875 0.79375 0.28125 0.79375 0.2520833333333333 0.784375 0.22291666666666668 0.74375 0.2125
4 0.6 0.32708333333333334 0.6 0.39791666666666664 0.61875 0.41041666666666665 0.6390625 0.40625 0.65 0.35 0.6953125 0.35208333333333336 0.6921875 0.25833333333333336 0.6859375 0.23958333333333334 0.6609375 0.22916666666666666 0.646875 0.2125 0.6265625 0.225
4 0.4875 0.04583333333333333 0.4921875 0.08333333333333333 0.475 0.12708333333333333 0.46875 0.12916666666666668 0.46875 0.17291666666666666 0.475 0.18958333333333333 0.4890625 0.19166666666666668 0.5078125 0.21979166666666666 0.5046875 0.28541666666666665 0.5078125 0.29583333333333334 0.5234375 0.29583333333333334 0.534375 0.26458333333333334 0.5515625 0.24375 0.5640625 0.2708333333333333 0.5765625 0.2625 0.584375 0.23958333333333334 0.6 0.09791666666666667 0.6078125 0.07916666666666666 0.596875 0.0625 0.5984375 0.03333333333333333 0.56875 0.014583333333333334 0.525 0.014583333333333334
3 0.9734375 0.7229166666666667 0.9703125 0.7458333333333333 0.959375 0.7604166666666666 0.959375 0.7791666666666667 0.984375 0.8645833333333334 0.990625 0.86875 0.9984375 0.8375 0.9984375 0.7104166666666667 0.98125 0.7104166666666667
3 0.509375 0.47291666666666665 0.509375 0.5666666666666667 0.521875 0.5916666666666667 0.5390625 0.5583333333333333 0.540625 0.4666666666666667 0.5140625 0.46458333333333335
3 0.603125 0.21666666666666667 0.6015625 0.25625 0.6109375 0.2625 0.61875 0.21875
0 0.765109375 0.29731250000000004 0.07884375 0.1684375