4 0.33006250000000004 0.5744375 0.218953125 0.5354166666666667
4 0.65690625 0.3603125 0.180203125 0.4326875
3 0.22562500000000002 0.9512708333333334 0.10965625000000001 0.08933333333333333
2 0.44375 0.39375 0.4328125 0.5875 0.4609375 0.6 0.4703125 0.6145833333333334 0.4859375 0.6145833333333334 0.5046875 0.5520833333333334 0.50625 0.49375 0.4984375 0.42916666666666664 0.490625 0.3958333333333333 0.45625 0.38333333333333336 0.4453125 0.3854166666666667
4 0.4421875 0.3125 0.446875 0.36875 0.4640625 0.37083333333333335 0.490625 0.38958333333333334 0.5078125 0.4875 0.51875 0.49583333333333335 0.5328125 0.45208333333333334 0.5515625 0.32916666666666666 0.553125 0.28541666666666665 0.546875 0.26458333333333334 0.5078125 0.2604166666666667 0.45 0.2791666666666667
4 0.521875 0.16875 0.5203125 0.21666666666666667 0.540625 0.225 0.5578125 0.28125 0.5734375 0.28125 0.578125 0.21666666666666667 0.5921875 0.17708333333333334 0.5875 0.15208333333333332 0.56875 0.12708333333333333 0.54375 0.12708333333333333 0.528125 0.14375
2 0.7640625 0.5520833333333334 0.7625 0.60625 0.771875 0.64375 0.778125 0.64375 0.790625 0.5895833333333333 0.809375 0.5625 0.871875 0.5666666666666667 0.8515625 0.4791666666666667 0.8140625 0.4708333333333333 0.7890625 0.46875 0.78125 0.475 0.775 0.5354166666666667
2 0.7484375 0.75 0.746875 0.7625 0.759375 0.7791666666666667 0.746875 0.80625 0.7578125 0.94375 0.7703125 0.98125 0.8203125 0.99375 0.8890625 0.9979166666666667 0.921875 0.9958333333333333 0.9328125 0.9875 0.940625 0.9458333333333333 0.940625 0.825 0.8921875 0.5854166666666667 0.8484375 0.5666666666666667 0.821875 0.5625 0.8046875 0.56875 0.7859375 0.6145833333333334 0.775 0.6895833333333333
2 0.75 0.3958333333333333 0.7515625 0.45625 0.7625 0.46458333333333335 0.803125 0.4666666666666667 0.809375 0.4395833333333333 0.8046875 0.37083333333333335 0.8109375 0.35833333333333334 0.7890625 0.2916666666666667 0.771875 0.2875 0.7625 0.29375 0.7546875 0.32083333333333336
3 0.11875 0.7395833333333334 0.11875 0.8604166666666667 0.1296875 0.89375 0.1421875 0.9083333333333333 0.1640625 0.8541666666666666 0.15625 0.8333333333333334 0.1609375 0.8083333333333333 0.1546875 0.7604166666666666 0.140625 0.7395833333333334 0.1296875 0.7333333333333333
3 0.0703125 0.8541666666666666 0.0640625 0.9125 0.0390625 0.9 0.0296875 0.86875 0 0.8666666666666667 0 0.9979166666666667 0.0640625 0.9958333333333333 0.065625 0.9354166666666667 0.0734375 0.93125 0.078125 0.9083333333333333
3 0.071875 0.9520833333333333 0.071875 0.9979166666666667 0.128125 0.9979166666666667 0.1375 0.9875 0.1453125 0.9625 0.140625 0.9145833333333333 0.128125 0.8958333333333334 0.1125 0.84375 0.096875 0.8520833333333333
2 0.4796875 0.25625 0.4765625 0.27291666666666664 0.4875 0.28125 0.515625 0.275 0.5359375 0.28541666666666665 0.54375 0.29791666666666666 0.553125 0.2875 0.54375 0.23333333333333334 0.5359375 0.225 0.5 0.21875
3 0.8890625 0.31666666666666665 0.8828125 0.33541666666666664 0.8859375 0.3625 0.9 0.39791666666666664 0.9078125 0.40208333333333335 0.91875 0.36875 0.915625 0.32083333333333336 0.9046875 0.3104166666666667
3 0.8578125 0.25833333333333336 0.8578125 0.31666666666666665 0.86875 0.33125 0.8796875 0.3125 0.8765625 0.25 0.86875 0.23333333333333334
2 0.115625 0.21875 0.1140625 0.24375 0.1234375 0.26666666666666666 0.1703125 0.2708333333333333 0.203125 0.2520833333333333 0.2109375 0.22083333333333333 0.209375 0.1625 0.1921875 0.13333333333333333 0.1546875 0.13541666666666666 0.1421875 0.19791666666666666