2 0.125515625 0.21760416666666668 0.11056250000000001 0.15160416666666665
4 0.604484375 0.600125 0.17059375000000002 0.456
4 0.3928125 0.36743750000000003 0.14478125 0.23704166666666668
2 0.35015625 0.6057083333333334 0.17528125 0.27264583333333337
2 0.766859375 0.3406875 0.073921875 0.11387499999999999
4 0.653265625 0.2749375 0.123609375 0.26827083333333335
3 0.9544375 0.6800208333333334 0.0270625 0.116
2 0.494140625 0.30664583333333334 0.05078125 0.14454166666666665
3 0.437015625 0.7382916666666667 0.024421875000000003 0.12760416666666666
3 0.482421875 0.5494791666666666 0.017578125 0.07552083333333333
3 0.9096718750000001 0.9401041666666666 0.038093749999999996 0.07552083333333333
3 0.9560625 0.8098958333333334 0.033203125 0.057291666666666664
3 0.930671875 0.5514375 0.013671875 0.07683333333333334
3 0.912109375 0.4700625 0.017578125 0.0546875
3 0.9091875 0.3893333333333333 0.0234375 0.044270833333333336
3 0.8715781249999999 0.33725 0.018562500000000003 0.036458333333333336
3 0.8530312500000001 0.3632916666666667 0.020515625000000003 0.03125
3 0.833015625 0.28970833333333335 0.02734375 0.07683333333333334
3 0.775390625 0.23958333333333334 0.009765625 0.046875
3 0.8046875 0.196625 0.015625 0.036458333333333336
2 0.53271875 0.25325000000000003 0.057625 0.12110416666666667
3 0.5649375 0.31835416666666666 0.014656250000000001 0.0481875