2 0.316734375 0.7114791666666667 0.18315625 0.38104166666666667
2 0.631359375 0.671125 0.14164062500000002 0.3266041666666667
4 0.86875 0.6535833333333334 0.199453125 0.46058333333333334
2 0.390625 0.45208333333333334 0.38125 0.5104166666666666 0.403125 0.55625 0.4125 0.6083333333333333 0.4796875 0.6270833333333333 0.4875 0.5791666666666667 0.496875 0.55 0.5046875 0.54375 0.5109375 0.48125 0.5109375 0.43125 0.496875 0.37083333333333335 0.471875 0.36041666666666666 0.434375 0.36041666666666666 0.403125 0.4125
4 0.4390625 0.3 0.4359375 0.3541666666666667 0.4703125 0.35625 0.5 0.375 0.5015625 0.41458333333333336 0.5109375 0.4375 0.5125 0.47291666666666665 0.51875 0.47708333333333336 0.5296875 0.43333333333333335 0.5390625 0.42083333333333334 0.553125 0.3333333333333333 0.553125 0.21458333333333332 0.55 0.22083333333333333 0.5234375 0.21666666666666667 0.515625 0.22916666666666666 0.48125 0.23333333333333334 0.4703125 0.24583333333333332 0.4703125 0.26458333333333334 0.453125 0.27291666666666664
4 0.5578125 0.45208333333333334 0.55625 0.47291666666666665 0.5703125 0.5125 0.5671875 0.5875 0.5765625 0.5958333333333333 0.603125 0.48333333333333334 0.6359375 0.47708333333333336 0.684375 0.4875 0.7015625 0.3645833333333333 0.6765625 0.3458333333333333 0.6765625 0.32708333333333334 0.6609375 0.3125 0.6375 0.30416666666666664 0.6078125 0.30833333333333335 0.5890625 0.3375 0.5703125 0.44166666666666665
4 0.7203125 0.3541666666666667 0.7203125 0.42083333333333334 0.73125 0.44583333333333336 0.8109375 0.45 0.8296875 0.31875 0.8234375 0.26458333333333334 0.8078125 0.24375 0.734375 0.22916666666666666 0.728125 0.22083333333333333
2 0.7375 0.5041666666666667 0.734375 0.55625 0.7390625 0.5979166666666667 0.746875 0.6333333333333333 0.759375 0.6458333333333334 0.7640625 0.64375 0.765625 0.5791666666666667 0.784375 0.5416666666666666 0.834375 0.55 0.8609375 0.5416666666666666 0.828125 0.4625 0.803125 0.45208333333333334 0.759375 0.45 0.7453125 0.46458333333333335
3 0.8375 0.2125 0.84375 0.2125 0.8484375 0.21875 0.85 0.225 0.8484375 0.26666666666666666 0.8421875 0.26875 0.8375 0.26458333333333334 0.834375 0.25625 0.834375 0.24375 0.8328125 0.24166666666666667 0.834375 0.22083333333333333 0.8375 0.21458333333333332
3 0.784375 0.14583333333333334 0.7875 0.15208333333333332 0.7875 0.175 0.78125 0.18125 0.7765625 0.17291666666666666 0.7765625 0.15625 0.778125 0.15 0.7828125 0.14583333333333334
3 0.590625 0.2604166666666667 0.5984375 0.2708333333333333 0.596875 0.275 0.596875 0.30833333333333335 0.5984375 0.3125 0.5921875 0.32708333333333334 0.5875 0.3333333333333333 0.5828125 0.3333333333333333 0.571875 0.3229166666666667 0.5765625 0.29375 0.5765625 0.275 0.58125 0.26458333333333334 0.5890625 0.2625
3 0.225 0.575 0.2296875 0.58125 0.2375 0.5833333333333334 0.240625 0.5895833333333333 0.25625 0.59375 0.2609375 0.5979166666666667 0.25625 0.6458333333333334 0.2484375 0.66875 0.2375 0.6875 0.234375 0.7020833333333333 0.2296875 0.7125 0.2265625 0.7125 0.2203125 0.70625 0.2234375 0.7020833333333333 0.221875 0.7 0.2234375 0.6645833333333333 0.2265625 0.6541666666666667 0.228125 0.6291666666666667 0.2296875 0.6270833333333333 0.2296875 0.6083333333333333 0.225 0.6 0.225 0.5895833333333333 0.2203125 0.58125 0.2203125 0.5770833333333333 0.2234375 0.575
3 0.5875 0.01875 0.5921875 0.020833333333333332 0.5921875 0.0375 0.5890625 0.041666666666666664 0.5859375 0.03958333333333333 0.584375 0.03125 0.5875 0.020833333333333332
3 0.375 0.35625 0.378125 0.3625 0.3828125 0.3645833333333333 0.3875 0.37083333333333335 0.3921875 0.37083333333333335 0.403125 0.3770833333333333 0.4015625 0.38125 0.4015625 0.40625 0.39375 0.42291666666666666 0.3890625 0.42291666666666666 0.371875 0.41041666666666665 0.371875 0.38958333333333334 0.3703125 0.3875 0.371875 0.36041666666666666 0.3703125 0.35833333333333334 0.3734375 0.35625
3 0.296875 0.5208333333333334 0.3078125 0.525 0.30625 0.5354166666666667 0.2828125 0.5708333333333333 0.2796875 0.5666666666666667 0.278125 0.5541666666666667 0.2703125 0.5416666666666666 0.2703125 0.5291666666666667 0.275 0.5208333333333334 0.2953125 0.5208333333333334
3 0.3484375 0.4395833333333333 0.3515625 0.4354166666666667 0.35625 0.4354166666666667 0.3609375 0.4375 0.365625 0.44375 0.3640625 0.46041666666666664 0.371875 0.48541666666666666 0.3671875 0.49375 0.359375 0.5 0.353125 0.5145833333333333 0.325 0.51875 0.3234375 0.5166666666666667 0.3234375 0.5041666666666667 0.3265625 0.4895833333333333 0.3265625 0.475 0.328125 0.4708333333333333 0.3390625 0.46875 0.346875 0.46041666666666664 0.35 0.44166666666666665
3 0.1453125 0.6729166666666667 0.1578125 0.6895833333333333 0.16875 0.6979166666666666 0.1796875 0.7020833333333333 0.178125 0.7125 0.1796875 0.7229166666666667 0.1828125 0.7270833333333333 0.1890625 0.7291666666666666 0.1921875 0.7375 0.1859375 0.74375 0.1875 0.7458333333333333 0.1921875 0.74375 0.196875 0.7541666666666667 0.19375 0.7583333333333333 0.1890625 0.7583333333333333 0.184375 0.7520833333333333 0.18125 0.7583333333333333 0.1828125 0.7645833333333333 0.1796875 0.7729166666666667 0.1828125 0.78125 0.1859375 0.8041666666666667 0.1828125 0.8104166666666667 0.1828125 0.81875 0.178125 0.8375 0.1703125 0.8416666666666667 0.165625 0.8479166666666667 0.1640625 0.8583333333333333 0.159375 0.8666666666666667 0.1515625 0.8666666666666667 0.1484375 0.8625 0.14375 0.8375 0.1453125 0.8333333333333334 0.14375 0.8166666666666667 0.1484375 0.7875 0.1484375 0.7729166666666667 0.1453125 0.7604166666666666 0.1453125 0.7208333333333333 0.1421875 0.7125 0.1421875 0.6979166666666666 0.146875 0.6895833333333333 0.146875 0.6854166666666667 0.140625 0.675 0.14375 0.6729166666666667
3 0.91875 0.42916666666666664 0.9203125 0.43125 0.921875 0.42916666666666664 0.934375 0.42916666666666664 0.9390625 0.4354166666666667 0.940625 0.44583333333333336 0.940625 0.47708333333333336 0.9375 0.48333333333333334 0.9359375 0.49375 0.93125 0.49583333333333335 0.9265625 0.46875 0.9203125 0.45208333333333334 0.9203125 0.43333333333333335 0.91875 0.43125
3 0.5421875 0.0020833333333333333 0.54375 0.00625 0.5421875 0.025 0.5375 0.025 0.5359375 0.01875 0.5359375 0.00625 0.540625 0.0020833333333333333
3 0.59375 0.22291666666666668 0.59375 0.21875 0.5875 0.20833333333333334 0.5875 0.19791666666666666 0.5859375 0.19583333333333333 0.5875 0.17708333333333334 0.5921875 0.16875 0.5921875 0.15833333333333333 0.59375 0.15625 0.5984375 0.16041666666666668 0.596875 0.1625 0.6 0.16666666666666666 0.6046875 0.16875 0.6046875 0.18333333333333332 0.5953125 0.22291666666666668
3 0.36953125 0.45729166666666665 0.0390625 0.08125
3 0.7125 0.05520833333333333 0.0125 0.035416666666666666
3 0.75625 0.15416666666666667 0.759375 0.16041666666666668 0.759375 0.18333333333333332 0.7546875 0.19375 0.7484375 0.19375 0.74375 0.18125 0.746875 0.15625 0.7546875 0.15416666666666667
3 0.89375 0.48541666666666666 0.9046875 0.49375 0.9109375 0.49166666666666664 0.91875 0.49375 0.925 0.5 0.921875 0.5104166666666666 0.9234375 0.53125 0.915625 0.5729166666666666 0.9140625 0.5770833333333333 0.9015625 0.5770833333333333 0.89375 0.5729166666666666 0.890625 0.5583333333333333 0.890625 0.5458333333333333 0.896875 0.5145833333333333 0.8921875 0.5020833333333333 0.89375 0.4875
3 0.56875 0.04791666666666667 0.5734375 0.05625 0.5734375 0.06458333333333334 0.5703125 0.075 0.5640625 0.07291666666666667 0.5640625 0.05 0.5671875 0.04791666666666667