2 0.630296875 0.7934791666666666 0.151171875 0.34550000000000003
2 0.795125 0.5529583333333333 0.1075 0.2689583333333333
2 0.8575156249999999 0.805375 0.141671875 0.308625
2 0.43324999999999997 0.6781874999999999 0.17096875 0.35441666666666666
4 0.650109375 0.26995833333333336 0.11179687499999999 0.29158333333333336
4 0.454359375 0.3094791666666667 0.126140625 0.2351875
3 0.9125156249999999 0.5656041666666667 0.02321875 0.07400000000000001
3 0.172046875 0.783875 0.044671875 0.1061875
2 0.62425 0.48500000000000004 0.10565625000000001 0.23220833333333332
3 0.061312500000000006 0.8584791666666667 0.03478125 0.09264583333333333
3 0.8727499999999999 0.35310416666666666 0.01909375 0.051395833333333335
3 0.544921875 0.4609375 0.0234375 0.09114583333333333
3 0.52978125 0.3685 0.024421875000000003 0.057291666666666664
3 0.14160937499999998 0.7122499999999999 0.01953125 0.07291666666666667
3 0.8471718750000001 0.3711041666666667 0.014656250000000001 0.041666666666666664
3 0.856453125 0.5364583333333334 0.017578125 0.052083333333333336
2 0.773921875 0.37435416666666665 0.08887500000000001 0.14714583333333334
4 0.77196875 0.25977083333333334 0.09471874999999999 0.18879166666666666
3 0.11084374999999999 0.9381458333333333 0.045906249999999996 0.11589583333333334
3 0.888671875 0.6399791666666667 0.021484375 0.06902083333333334