4 0.6072968750000001 0.4155208333333333 0.13954687500000001 0.3375625
2 0.61046875 0.7378958333333333 0.132703125 0.38379166666666664
3 0.9380468750000001 0.8636041666666666 0.038406249999999996 0.10654166666666667
0 0.751140625 0.30422916666666666 0.151875 0.39927083333333335
3 0.46728125 0.7246041666666667 0.03028125 0.08985416666666667
3 0.388671875 0.7454375 0.0390625 0.07943750000000001
3 0.297859375 0.956375 0.033203125 0.08464583333333334
3 0.7163125 0.6582083333333333 0.03028125 0.11850000000000001
3 0.9106406249999999 0.6985625 0.028328125 0.10027083333333334
3 0.95215625 0.5318958333333333 0.0234375 0.07683333333333334
3 0.864265625 0.5455833333333333 0.01953125 0.059895833333333336
3 0.990234375 0.8294374999999999 0.01953125 0.09635416666666667
2 0.805671875 0.8098958333333334 0.15625 0.3177083333333333
0 0.25390625 0.56575 0.25390625 0.3997291666666667
3 0.9516562499999999 0.668625 0.024421875000000003 0.042979166666666666
3 0.396484375 0.9381458333333333 0.0234375 0.09766666666666667
2 0.422359375 0.4296875 0.07909374999999999 0.1875
2 0.443359375 0.3333333333333333 0.0703125 0.12760416666666666