4 0.656828125 0.51325 0.200734375 0.7229583333333333
2 0.264515625 0.817375 0.2085 0.36524999999999996
3 0.9334374999999999 0.4330625 0.030671874999999998 0.078875
3 0.77421875 0.5688958333333333 0.019625 0.05604166666666666
3 0.51240625 0.5855208333333334 0.02753125 0.13245833333333332
4 0.221875 0.6020833333333333 0.2203125 0.65 0.23125 0.6791666666666667 0.25 0.6770833333333334 0.2671875 0.65 0.340625 0.6583333333333333 0.3796875 0.68125 0.378125 0.6916666666666667 0.3921875 0.7229166666666667 0.390625 0.7458333333333333 0.403125 0.7541666666666667 0.4421875 0.6354166666666666 0.446875 0.6020833333333333 0.45625 0.59375 0.4609375 0.55625 0.484375 0.5208333333333334 0.496875 0.4791666666666667 0.49375 0.43125 0.525 0.32916666666666666 0.51875 0.275 0.4984375 0.26458333333333334 0.3921875 0.25 0.3484375 0.3020833333333333 0.2796875 0.2875 0.2625 0.2916666666666667 0.2484375 0.38125 0.2359375 0.40208333333333335 0.2296875 0.55625
2 0.7859375 0.3229166666666667 0.784375 0.38125 0.7875 0.40208333333333335 0.7984375 0.41875 0.8109375 0.36875 0.8109375 0.33541666666666664 0.803125 0.3125
3 0.7609375 0.44583333333333336 0.759375 0.5270833333333333 0.7640625 0.5416666666666666 0.778125 0.54375 0.7875 0.5229166666666667 0.7890625 0.4666666666666667 0.7765625 0.43333333333333335 0.7625 0.4375
3 0.853125 0.61875 0.8546875 0.7166666666666667 0.8609375 0.7395833333333334 0.86875 0.7395833333333334 0.890625 0.6145833333333334 0.884375 0.6020833333333333 0.875 0.6020833333333333 0.86875 0.6145833333333334
3 0.896875 0.4895833333333333 0.8984375 0.5479166666666667 0.90625 0.5708333333333333 0.9171875 0.5791666666666667 0.9296875 0.4979166666666667 0.925 0.4791666666666667 0.91875 0.47708333333333336 0.9015625 0.47708333333333336
3 0.775 0.8166666666666667 0.775 0.8583333333333333 0.7859375 0.8729166666666667 0.7890625 0.9041666666666667 0.79375 0.9125 0.809375 0.9145833333333333 0.821875 0.8854166666666666 0.8359375 0.8125 0.834375 0.7458333333333333 0.7875 0.725 0.7859375 0.76875
3 0.875 0.32708333333333334 0.871875 0.35208333333333336 0.8796875 0.37916666666666665 0.903125 0.37916666666666665 0.9046875 0.35625 0.89375 0.3145833333333333 0.8796875 0.3125
3 0.8421875 0.26666666666666666 0.84375 0.30833333333333335 0.8625 0.32708333333333334 0.86875 0.31666666666666665 0.871875 0.26875
2 0.4578125 0.20625 0.4546875 0.25416666666666665 0.5203125 0.26666666666666666 0.53125 0.23333333333333334 0.521875 0.18333333333333332 0.4796875 0.17708333333333334 0.46875 0.18125
3 0.5453125 0.37083333333333335 0.5515625 0.46041666666666664 0.55625 0.35