2 0.64790625 0.48947916666666663 0.09534375 0.22516666666666665
2 0.784671875 0.3597708333333333 0.071875 0.17775
4 0.502609375 0.2123125 0.080765625 0.1658125
3 0.7465625 0.5879791666666667 0.026421875 0.09895833333333333
2 0.612390625 0.3445625 0.07453125000000001 0.1709375
3 0.154171875 0.212625 0.02375 0.042583333333333334
2 0.89515625 0.7076041666666666 0.14160937499999998 0.348625
3 0.707515625 0.438875 0.028484375 0.07175
4 0.486328125 0.5338541666666666 0.021484375 0.1015625
2 0.3413125 0.4544375 0.11425 0.171875
4 0.301265625 0.7591249999999999 0.22557812500000002 0.4817708333333333
3 0.73046875 0.8821666666666667 0.033203125 0.1263125
3 0.478515625 0.4492291666666667 0.017578125 0.0625
3 0.784671875 0.5325624999999999 0.016609375000000003 0.052083333333333336
3 0.9663125000000001 0.6744791666666666 0.026375 0.09114583333333333
3 0.84375 0.47852083333333334 0.02734375 0.058604166666666666
3 0.76075 0.68425 0.03515625 0.07422916666666667
3 0.744140625 0.45247916666666665 0.025390625 0.04816666666666667
3 0.557125 0.30272916666666666 0.016609375000000003 0.05339583333333333
3 0.57275 0.33789583333333334 0.022468750000000003 0.04558333333333333
3 0.693359375 0.3580833333333333 0.015625 0.0546875
3 0.7163125 0.7278749999999999 0.024421875000000003 0.057291666666666664
0 0.502125 0.211 0.08175 0.1684166666666667