4 0.6575624999999999 0.4166666666666667 0.148625 0.3863958333333333
4 0.5023593749999999 0.291875 0.16309374999999998 0.35272916666666665
4 0.10674999999999998 0.7502291666666667 0.21349999999999997 0.49954166666666666
2 0.81759375 0.49004166666666665 0.08932812500000001 0.22554166666666667
3 0.5511250000000001 0.6166458333333333 0.035328125 0.10135416666666666
0 0.36507812500000003 0.5374583333333334 0.17990625 0.39739583333333334
3 0.12350000000000001 0.46341666666666664 0.039281250000000004 0.060270833333333336
3 0.484375 0.6289166666666667 0.0234375 0.08072916666666667
3 0.4296875 0.7428333333333333 0.037109375 0.08464583333333334
3 0.31396875 0.9414166666666667 0.024406249999999997 0.09635416666666667
3 0.64453125 0.9739583333333334 0.03515625 0.052083333333333336
3 0.77978125 0.9648541666666667 0.045906249999999996 0.0703125
3 0.9028281249999999 0.6725208333333333 0.026375 0.07943750000000001
2 0.772953125 0.3476666666666667 0.06348437500000001 0.07552083333333333
3 0.508296875 0.7571666666666667 0.018546874999999997 0.14454166666666665
3 0.41553125 0.956375 0.038093749999999996 0.08725000000000001
3 0.9018593750000001 0.9362083333333333 0.028328125 0.09635416666666667
3 0.9692343749999999 0.7057291666666666 0.026375 0.06510416666666667
3 0.9453125 0.7649791666666667 0.02734375 0.08985416666666667
3 0.895515625 0.5885416666666666 0.015625 0.0546875
3 0.8828125 0.4583333333333333 0.01953125 0.06510416666666667