2 0.6068749999999999 0.6169166666666667 0.129359375 0.2275208333333333
2 0.860203125 0.6605000000000001 0.133234375 0.30497916666666663
2 0.7940625 0.5265 0.09293749999999999 0.257125
2 0.615609375 0.8426041666666666 0.15818749999999998 0.24291666666666664
4 0.32606250000000003 0.48708333333333337 0.20051562500000003 0.6090625000000001
2 0.7495625 0.2819375 0.06334375 0.11079166666666666
3 0.066 0.18860416666666666 0.038609375 0.06460416666666667
3 0.202875 0.878625 0.035812500000000004 0.12443749999999999
3 0.9765625 0.8711041666666667 0.03125 0.09375
3 0.94825 0.6393333333333333 0.01953125 0.06510416666666667
2 0.8569375000000001 0.32747916666666665 0.06153125 0.10808333333333334
2 0.75928125 0.36783333333333335 0.06934375000000001 0.10287500000000001
2 0.65771875 0.26758333333333334 0.05565625 0.053375
2 0.66259375 0.3138125 0.07715625000000001 0.059895833333333336
2 0.64209375 0.42122916666666665 0.110359375 0.18620833333333334
3 0.5288125 0.5520833333333334 0.024421875000000003 0.059895833333333336
3 0.539546875 0.45377083333333335 0.022468750000000003 0.050791666666666666
3 0.294921875 0.9667916666666667 0.04296875 0.06641666666666667
3 0.8852499999999999 0.9713541666666666 0.043953124999999996 0.057291666666666664
3 0.807625 0.3867291666666667 0.017578125 0.052083333333333336
3 0.550296875 0.31314583333333335 0.016609375000000003 0.04558333333333333
3 0.46778125 0.7272083333333333 0.0234375 0.06120833333333333
0 0.6425625 0.21639583333333334 0.070640625 0.1481875
0 0.7495625 0.2819375 0.06334375 0.11079166666666666